fold,vol_id,page,y_hat_prob0,y_hat_prob1,y_hat_prob2
0,coo.31924073896007,1,0.42142033111042615,0.5478609548741155,0.030718714015458434
0,coo.31924073896007,2,0.68,0.29,0.03
0,coo.31924073896007,3,0.545,0.445,0.01
0,coo.31924073896007,4,0.9989398104978239,0.000618616687380328,0.00044157281479593373
0,coo.31924073896007,5,0.9924421939130917,0.0035527630712305354,0.004005043015678206
0,coo.31924073896007,6,0.9998293474452179,0.00014393221823469696,2.672033654753152e-05
0,coo.31924073896007,7,0.0,0.6475,0.3525
0,coo.31924073896007,8,0.9996429686857797,0.0003303109776728128,2.672033654753152e-05
0,coo.31924073896007,9,0.993885319895111,0.002892759768829765,0.0032219203360597175
0,coo.31924073896007,10,0.9924421939130917,0.0035527630712305354,0.004005043015678206
0,coo.31924073896007,11,0.005,0.97,0.025
0,coo.31924073896007,12,0.9975230229662378,0.001231487409226608,0.001245489624535773
0,coo.31924073896007,13,0.0,0.24667944700183125,0.7533205529981687
0,coo.31924073896007,14,0.9924421939130917,0.0035527630712305354,0.004005043015678206
0,coo.31924073896007,15,0.0,0.10808820189779428,0.8919117981022056
0,coo.31924073896007,16,0.9996428285493227,0.00016409628036650865,0.00019307517031065812
0,coo.31924073896007,17,0.005,0.1540120437430607,0.8409879562569391
0,coo.31924073896007,18,0.9996428285493227,0.00016409628036650865,0.00019307517031065812
0,coo.31924073896007,19,0.0,0.007540925158324111,0.9924590748416757
0,coo.31924073896007,20,0.9996428285493227,0.00016409628036650865,0.00019307517031065812
0,coo.31924098538329,1,0.025,0.595,0.38
0,coo.31924098538329,2,0.9313949948366331,0.003825195474006564,0.06477980968936004
0,coo.31924098538329,3,0.0,0.9797413793103448,0.020258620689655175
0,coo.31924098538329,4,0.85,0.14,0.01
0,coo.31924098538329,5,0.005,0.2242763157894737,0.7707236842105263
0,coo.31924098538329,6,0.005,0.06263913595045797,0.9323608640495419
0,coo.31924098538329,7,0.005,0.269790602999468,0.725209397000532
0,coo.31924098538329,8,0.0,0.97,0.03
0,coo.31924098538329,9,0.0,0.012375778893343504,0.9876242211066564
0,coo.31924098538329,10,0.0,0.005955249806275748,0.9940447501937242
0,coo.31924098538329,11,0.0,0.017128975561323884,0.9828710244386761
0,coo.31924098538329,12,0.0,0.012548179235232026,0.9874518207647679
0,coo.31924098538329,13,0.0,0.0014778826270016357,0.9985221173729982
0,coo.31924098538329,14,0.0,0.006867051548934499,0.9931329484510653
0,coo.31924098538329,15,0.0,0.1362504105090312,0.8637495894909688
0,coo.31924098538329,16,0.0,0.012061056081465658,0.9879389439185343
0,coo.31924098538329,17,2.0242914979757085e-05,0.0020361519837685305,0.9979436051012516
0,coo.31924098538329,18,0.0,0.022177678316289758,0.9778223216837101
0,coo.31924098538329,19,0.0,0.024566013483566813,0.9754339865164333
0,coo.31924098538329,20,0.0,0.0030874881053301884,0.9969125118946698
0,inu.30000117802359,1,0.5316666666666667,0.19833333333333333,0.27
0,inu.30000117802359,2,0.9926704019735437,0.0011635633054695998,0.006166034720986806
0,inu.30000117802359,3,0.9924421939130917,0.0035527630712305354,0.004005043015678206
0,inu.30000117802359,4,0.9930093586777206,0.0009680645452178356,0.006022576777061572
0,inu.30000117802359,5,0.9996429686857797,0.0003303109776728128,2.672033654753152e-05
0,inu.30000117802359,6,0.9930093586777206,0.0009680645452178356,0.006022576777061572
0,inu.30000117802359,7,0.9924421939130917,0.0035527630712305354,0.004005043015678206
0,inu.30000117802359,8,0.9930093586777206,0.0009680645452178356,0.006022576777061572
0,inu.30000117802359,9,0.9996429686857797,0.0003303109776728128,2.672033654753152e-05
0,inu.30000117802359,10,0.9998774243682946,9.585529515777388e-05,2.672033654753152e-05
0,inu.30000117802359,11,0.9922902444524957,0.00710611213403365,0.0006036434134706085
0,inu.30000117802359,12,0.9989398104978239,0.000618616687380328,0.00044157281479593373
0,inu.30000117802359,13,0.1,0.105,0.795
0,inu.30000117802359,14,0.0,0.8498076923076923,0.1501923076923077
0,inu.30000117802359,15,0.03,0.716375,0.253625
0,inu.30000117802359,16,0.23583333333333337,0.4125,0.35166666666666674
0,inu.30000117802359,17,0.02,0.966093137254902,0.013906862745098038
0,inu.30000117802359,18,0.005,0.6181369047619047,0.3768630952380952
0,inu.30000117802359,19,0.0,0.98,0.02
0,inu.30000117802359,20,0.04,0.015025817276794622,0.9449741827232054
0,inu.39000001168165,1,0.0,0.065,0.935
0,inu.39000001168165,2,0.935,0.055,0.01
0,inu.39000001168165,3,0.06,0.803125,0.136875
0,inu.39000001168165,4,0.015,0.541,0.444
0,inu.39000001168165,5,0.0,0.97875,0.02125
0,inu.39000001168165,6,0.0,0.99,0.01
0,inu.39000001168165,7,0.001725864739287558,0.021407206040948354,0.976866929219764
0,inu.39000001168165,8,3.324468085106383e-06,0.0029030361621173893,0.9970936393697974
0,inu.39000001168165,9,0.00015151515151515152,0.5219617249467753,0.47788675990170953
0,inu.39000001168165,10,0.9989951028078842,0.0005235265190120393,0.00048137067310387207
0,inu.39000001168165,11,5.9198072620891415e-05,0.016879294954047296,0.9830615069733319
0,inu.39000001168165,12,0.0,0.08846896058653861,0.9115310394134615
0,inu.39000001168165,13,3.324468085106383e-06,0.028068151948656295,0.9719285235832587
0,inu.39000001168165,14,0.9924421939130917,0.0035527630712305354,0.004005043015678206
0,inu.39000001168165,15,0.0,0.048197567729387415,0.9518024322706125
0,inu.39000001168165,16,0.9996428285493227,0.00016409628036650865,0.00019307517031065812
0,inu.39000001168165,17,3.355704697986577e-05,0.026852565450114285,0.9731138775029059
0,inu.39000001168165,18,0.0,0.005215348433649807,0.99478465156635
0,inu.39000001168165,19,3.324468085106383e-06,0.005658945360437215,0.9943377301714775
0,inu.39000001168165,20,0.0,0.0001549981352015673,0.9998450018647985
0,mdp.39015028686320,1,0.9955165789591846,0.002387075721139627,0.0020963453196759423
0,mdp.39015028686320,2,0.9975400465781721,0.00048596482679702903,0.0019739885950309276
0,mdp.39015028686320,3,0.9996429686857797,0.0003303109776728128,2.672033654753152e-05
0,mdp.39015028686320,4,0.9989951028078842,0.0005235265190120393,0.00048137067310387207
0,mdp.39015028686320,5,0.035,0.96,0.005
0,mdp.39015028686320,6,0.9993828729736944,0.0004660252884714675,0.00015110173783429185
0,mdp.39015028686320,7,0.0025,0.9921875,0.0053125
0,mdp.39015028686320,8,0.0,0.875,0.125
0,mdp.39015028686320,9,0.005,0.9849626865671641,0.010037313432835822
0,mdp.39015028686320,10,0.035,0.775,0.19
0,mdp.39015028686320,11,0.0,1.0,0.0
0,mdp.39015028686320,12,0.0,0.99,0.01
0,mdp.39015028686320,13,0.0,0.7394047619047619,0.2605952380952381
0,mdp.39015028686320,14,0.0002,0.8588,0.141
0,mdp.39015028686320,15,0.0,0.011677463416612594,0.9883225365833874
0,mdp.39015028686320,16,3.324468085106383e-06,0.00010530712081963225,0.9998913684110952
0,mdp.39015028686320,17,3.324468085106383e-06,5.81179744595449e-05,0.9999385575574553
0,mdp.39015028686320,18,3.324468085106383e-06,0.00012677082791971562,0.9998699047039951
0,mdp.39015028686320,19,3.324468085106383e-06,0.005077257483364632,0.9949194180485502
0,mdp.39015028686320,20,0.0,0.00015247338028753215,0.9998475266197124
0,mdp.39015058723985,1,0.0265,0.28279166666666666,0.6907083333333333
0,mdp.39015058723985,2,0.9975400465781721,0.00048596482679702903,0.0019739885950309276
0,mdp.39015058723985,3,0.7214477931488801,0.2615522068511199,0.017
0,mdp.39015058723985,4,0.17,0.11,0.72
0,mdp.39015058723985,5,0.005,0.99,0.005
0,mdp.39015058723985,6,0.01,0.8672222222222223,0.12277777777777779
0,mdp.39015058723985,7,0.0,0.97,0.03
0,mdp.39015058723985,8,0.015,0.935,0.05
0,mdp.39015058723985,9,0.0,0.97,0.03
0,mdp.39015058723985,10,0.0,0.9693333333333334,0.030666666666666665
0,mdp.39015058723985,11,0.0,0.99,0.01
0,mdp.39015058723985,12,0.005,0.935,0.06
0,mdp.39015058723985,13,0.005,0.043047975575103446,0.9519520244248965
0,mdp.39015058723985,14,0.0,0.0002168870474067892,0.9997831129525931
0,mdp.39015058723985,15,3.324468085106383e-06,0.006380472350849626,0.9936162031810651
0,mdp.39015058723985,16,0.0,0.0002234154739948157,0.999776584526005
0,mdp.39015058723985,17,3.324468085106383e-06,0.051767706136265766,0.9482289693956492
0,mdp.39015058723985,18,0.0,0.02350917533447883,0.9764908246655212
0,mdp.39015058723985,19,0.0,0.0003296475885105018,0.9996703524114895
0,mdp.39015058723985,20,3.324468085106383e-06,0.002166976849815058,0.9978296986820996
0,mdp.39015058747786,1,0.5370302717723279,0.33872412934449964,0.12424559888317238
0,mdp.39015058747786,2,0.91,0.07,0.02
0,mdp.39015058747786,3,0.545,0.445,0.01
0,mdp.39015058747786,4,0.9998774243682946,9.585529515777388e-05,2.672033654753152e-05
0,mdp.39015058747786,5,0.005,0.945,0.05
0,mdp.39015058747786,6,0.9924421939130917,0.0035527630712305354,0.004005043015678206
0,mdp.39015058747786,7,0.0,0.975,0.025
0,mdp.39015058747786,8,0.9996428285493227,0.00016409628036650865,0.00019307517031065812
0,mdp.39015058747786,9,0.015,0.8647272727272727,0.12027272727272727
0,mdp.39015058747786,10,0.0,0.9097272727272727,0.09027272727272727
0,mdp.39015058747786,11,0.0,0.011544528766936277,0.9884554712330638
0,mdp.39015058747786,12,0.0,0.06092349796285022,0.9390765020371495
0,mdp.39015058747786,13,3.324468085106383e-06,0.0008799351660284025,0.9991167403658865
0,mdp.39015058747786,14,0.9998774243682946,9.585529515777388e-05,2.672033654753152e-05
0,mdp.39015058747786,15,0.0,0.935,0.065
0,mdp.39015058747786,16,0.0,0.92,0.08
0,mdp.39015058747786,17,0.0,0.985,0.015
0,mdp.39015058747786,18,0.0,0.985,0.015
0,mdp.39015058747786,19,0.0,0.98,0.02
0,mdp.39015058747786,20,0.982805889833396,0.014683662883621966,0.00251044728298237
0,mdp.39015059314008,1,0.03,0.34583333333333327,0.6241666666666666
0,mdp.39015059314008,2,0.5027446745452854,3.0395136778115502e-05,0.49722493031793646
0,mdp.39015059314008,3,0.005,0.925,0.07
0,mdp.39015059314008,4,0.025,0.945,0.03
0,mdp.39015059314008,5,0.02,0.3307,0.6493000000000001
0,mdp.39015059314008,6,0.9998293474452179,0.00014393221823469696,2.672033654753152e-05
0,mdp.39015059314008,7,0.005,0.99,0.005
0,mdp.39015059314008,8,0.0,1.0,0.0
0,mdp.39015059314008,9,0.005,0.99,0.005
0,mdp.39015059314008,10,0.9924421939130917,0.0035527630712305354,0.004005043015678206
0,mdp.39015059314008,11,0.015,0.79,0.195
0,mdp.39015059314008,12,0.9924421939130917,0.0035527630712305354,0.004005043015678206
0,mdp.39015059314008,13,0.02,0.85,0.13
0,mdp.39015059314008,14,0.13,0.65,0.22
0,mdp.39015059314008,15,3.324468085106383e-06,0.0003081953650016147,0.9996884801669129
0,mdp.39015059314008,16,0.0,0.00014492591483887456,0.9998550740851609
0,mdp.39015059314008,17,0.0,0.012063190853437308,0.9879368091465627
0,mdp.39015059314008,18,0.9924421939130917,0.0035527630712305354,0.004005043015678206
0,mdp.39015059314008,19,0.0,0.04205923820706209,0.957940761792938
0,mdp.39015059314008,20,3.355704697986577e-05,0.14033894960650392,0.8596274933465163
0,mdp.39015070446375,1,0.34,0.3096153846153846,0.3503846153846154
0,mdp.39015070446375,2,0.95,0.05,0.0
0,mdp.39015070446375,3,0.9998774243682946,9.585529515777388e-05,2.672033654753152e-05
0,mdp.39015070446375,4,0.9996695665172372,0.00016409628036650865,0.00016633720239621965
0,mdp.39015070446375,5,0.1,0.24,0.66
0,mdp.39015070446375,6,0.9991462886176741,0.0008537113823258402,0.0
0,mdp.39015070446375,7,0.045,0.9,0.055
0,mdp.39015070446375,8,0.275,0.5783333333333333,0.14666666666666667
0,mdp.39015070446375,9,2.0242914979757085e-05,0.023625106294247532,0.9763546507907727
0,mdp.39015070446375,10,4.091845304751239e-05,0.015216480114043312,0.984742601432909
0,mdp.39015070446375,11,0.0,0.017423517454991613,0.9825764825450084
0,mdp.39015070446375,12,0.0,0.005425478653583562,0.9945745213464163
0,mdp.39015070446375,13,0.0,0.010302926910728729,0.9896970730892711
0,mdp.39015070446375,14,0.0,0.015570506100468569,0.9844294938995313
0,mdp.39015070446375,15,0.0,0.02101851685360593,0.9789814831463939
0,mdp.39015070446375,16,0.005,0.04545183224608224,0.9495481677539178
0,mdp.39015070446375,17,0.0,0.005262158661903389,0.9947378413380966
0,mdp.39015070446375,18,3.355704697986577e-05,0.0028105149875113106,0.9971559279655088
0,mdp.39015070446375,19,0.0,0.015585833885085158,0.984414166114915
0,mdp.39015070446375,20,0.0,0.020417648626467368,0.9795823513735327
0,mdp.39015073956255,1,0.01,0.385,0.605
0,mdp.39015073956255,2,0.0,0.785,0.215
0,mdp.39015073956255,3,0.01,0.975,0.015
0,mdp.39015073956255,4,0.0,0.11904096294628604,0.880959037053714
0,mdp.39015073956255,5,5.9198072620891415e-05,0.04111631356195455,0.9588244883654246
0,mdp.39015073956255,6,0.9993828729736944,0.0004660252884714675,0.00015110173783429185
0,mdp.39015073956255,7,1.7421602787456446e-05,0.04088808619522007,0.9590944922019925
0,mdp.39015073956255,8,0.9989398104978239,0.000618616687380328,0.00044157281479593373
0,mdp.39015073956255,9,0.0,0.67,0.33
0,mdp.39015073956255,10,0.0,0.875,0.125
0,mdp.39015073956255,11,0.015,0.79,0.195
0,mdp.39015073956255,12,0.6631779724338784,0.3366379441079015,0.00018408345821995125
0,mdp.39015073956255,13,0.29,0.265,0.445
0,mdp.39015073956255,14,2.1231422505307854e-05,0.007067904838932477,0.9929108637385623
0,mdp.39015073956255,15,0.035,0.505,0.46
0,mdp.39015073956255,16,0.00015101257585456204,0.0013908833962157443,0.9984581040279298
0,mdp.39015073956255,17,0.11,0.55,0.34
0,mdp.39015073956255,18,5.153445280833816e-05,0.013965114221422865,0.985983351325769
0,mdp.39015073956255,19,0.005,0.515,0.48
0,mdp.39015073956255,20,5.153445280833816e-05,0.007749208833113218,0.9921992567140786
0,osu.32435057700403,1,0.035,0.39,0.575
0,osu.32435057700403,2,0.6742254735777656,0.23867945530842127,0.08709507111381283
0,osu.32435057700403,3,0.02,0.79,0.19
0,osu.32435057700403,4,0.57125,0.019375,0.409375
0,osu.32435057700403,5,0.0,0.925,0.075
0,osu.32435057700403,6,0.9993828729736944,0.0004660252884714675,0.00015110173783429185
0,osu.32435057700403,7,0.0,0.23899443781178017,0.7610055621882199
0,osu.32435057700403,8,0.0,0.021429898248828266,0.9785701017511717
0,osu.32435057700403,9,0.005,0.0005649806710003871,0.9944350193289996
0,osu.32435057700403,10,0.0,0.210627216979495,0.7893727830205051
0,osu.32435057700403,11,0.0,0.016166068420882928,0.9838339315791171
0,osu.32435057700403,12,0.0,0.002385150907396563,0.9976148490926035
0,osu.32435057700403,13,0.0,0.22262512131801165,0.7773748786819883
0,osu.32435057700403,14,0.0,0.008787660872512655,0.9912123391274874
0,osu.32435057700403,15,0.0,0.03616307704928548,0.9638369229507147
0,osu.32435057700403,16,0.0,0.0002420664434736923,0.9997579335565263
0,osu.32435057700403,17,0.0,0.005311032414643519,0.9946889675853563
0,osu.32435057700403,18,0.03,0.3747846153846154,0.5952153846153846
0,osu.32435057700403,19,0.05,0.38,0.57
0,osu.32435057700403,20,0.0,0.4043810785654586,0.5956189214345414
0,txu.059173026695219,1,0.6020833333333333,0.2175,0.18041666666666664
0,txu.059173026695219,2,0.405,0.365,0.23
0,txu.059173026695219,3,0.9924421939130917,0.0035527630712305354,0.004005043015678206
0,txu.059173026695219,4,0.585,0.3,0.115
0,txu.059173026695219,5,0.9924421939130917,0.0035527630712305354,0.004005043015678206
0,txu.059173026695219,6,0.532,0.258,0.21
0,txu.059173026695219,7,0.9924421939130917,0.0035527630712305354,0.004005043015678206
0,txu.059173026695219,8,0.61,0.305,0.085
0,txu.059173026695219,9,0.9924421939130917,0.0035527630712305354,0.004005043015678206
0,txu.059173026695219,10,0.58,0.345,0.075
0,txu.059173026695219,11,0.9924421939130917,0.0035527630712305354,0.004005043015678206
0,txu.059173026695219,12,0.1,0.1625,0.7375
0,txu.059173026695219,13,0.24,0.05625000000000001,0.70375
0,txu.059173026695219,14,0.44,0.17,0.39
0,txu.059173026695219,15,0.155,0.20869222362337114,0.6363077763766288
0,txu.059173026695219,16,0.42,0.105,0.475
0,txu.059173026695219,17,0.145,0.19416570554827436,0.6608342944517256
0,txu.059173026695219,18,0.455,0.175,0.37
0,txu.059173026695219,19,0.065,0.14131097560975608,0.7936890243902439
0,txu.059173026695219,20,0.425,0.12,0.455
0,uc1.32106001877031,1,0.28783165764246676,0.062153682778529624,0.6500146595790038
0,uc1.32106001877031,2,0.9928908237823545,0.0013422234859414312,0.005766952731704184
0,uc1.32106001877031,3,0.3860897435897436,0.5739102564102564,0.04
0,uc1.32106001877031,4,0.9924421939130917,0.0035527630712305354,0.004005043015678206
0,uc1.32106001877031,5,0.12,0.845,0.035
0,uc1.32106001877031,6,0.0,0.945,0.055
0,uc1.32106001877031,7,0.015357142857142857,0.858122441284206,0.12652041585865115
0,uc1.32106001877031,8,0.0,0.036022770352912875,0.9639772296470871
0,uc1.32106001877031,9,0.0,0.905,0.095
0,uc1.32106001877031,10,0.0,0.965,0.035
0,uc1.32106001877031,11,0.0,0.945,0.055
0,uc1.32106001877031,12,0.0,0.92,0.08
0,uc1.32106001877031,13,0.0,0.875,0.125
0,uc1.32106001877031,14,0.0,0.955,0.045
0,uc1.32106001877031,15,0.0,0.945,0.055
0,uc1.32106001877031,16,0.0,0.895,0.105
0,uc1.32106001877031,17,0.0,0.845,0.155
0,uc1.32106001877031,18,0.0,0.925,0.075
0,uc1.32106001877031,19,0.0,0.975,0.025
0,uc1.32106001877031,20,0.9996428285493227,0.00016409628036650865,0.00019307517031065812
0,uc1.b2928160,1,0.7033057746670083,0.17046254937429936,0.1262316759586924
0,uc1.b2928160,2,0.94,0.06,0.0
0,uc1.b2928160,3,0.9989398104978239,0.000618616687380328,0.00044157281479593373
0,uc1.b2928160,4,0.9924421939130917,0.0035527630712305354,0.004005043015678206
0,uc1.b2928160,5,0.24,0.545,0.215
0,uc1.b2928160,6,0.035,0.94,0.025
0,uc1.b2928160,7,0.04,0.95,0.01
0,uc1.b2928160,8,0.24,0.5144117647058823,0.24558823529411763
0,uc1.b2928160,9,3.355704697986577e-05,0.09804828216699142,0.9019181607860287
0,uc1.b2928160,10,5.9198072620891415e-05,0.04990715715940034,0.9500336447679788
0,uc1.b2928160,11,0.0,0.995,0.005
0,uc1.b2928160,12,0.0,1.0,0.0
0,uc1.b2928160,13,0.0,0.985,0.015
0,uc1.b2928160,14,0.9993828729736944,0.0004660252884714675,0.00015110173783429185
0,uc1.b2928160,15,0.005,0.1321150414839031,0.8628849585160969
0,uc1.b2928160,16,5.834005583496883e-05,0.021729264339299083,0.9782123956048656
0,uc1.b2928160,17,1.7421602787456446e-05,0.013731234413543712,0.9862513439836689
0,uc1.b2928160,18,4.091845304751239e-05,0.014865840649763389,0.985093240897189
0,uc1.b2928160,19,2.074607087256283e-05,0.017070160039625738,0.9829090938895015
0,uc1.b2928160,20,3.324468085106383e-06,0.0036069790971335895,0.9963896964347811
0,uc1.b3386878,1,0.9505165789591845,0.002387075721139627,0.04709634531967593
0,uc1.b3386878,2,0.9976704019735437,0.0011635633054695998,0.0011660347209868072
0,uc1.b3386878,3,0.9985945624786414,0.0007562197507760756,0.0006492177705824881
0,uc1.b3386878,4,0.9985945624786414,0.0007562197507760756,0.0006492177705824881
0,uc1.b3386878,5,0.9996695665172372,0.00016409628036650865,0.00016633720239621965
0,uc1.b3386878,6,0.9989951028078842,0.0005235265190120393,0.00048137067310387207
0,uc1.b3386878,7,0.035,0.8496153846153846,0.11538461538461538
0,uc1.b3386878,9,0.075,0.885,0.04
0,uc1.b3386878,10,0.9998774243682946,9.585529515777388e-05,2.672033654753152e-05
0,uc1.b3386878,11,0.005,0.95,0.045
0,uc1.b3386878,12,0.9996428285493227,0.00016409628036650865,0.00019307517031065812
0,uc1.b3386878,13,2.0242914979757085e-05,0.037775865352176974,0.9622038917328435
0,uc1.b3386878,14,3.324468085106383e-06,0.0006728699481033121,0.9993238055838113
0,uc1.b3386878,15,0.0,0.017108998173371342,0.9828910018266285
0,uc1.b3386878,16,0.9996428285493227,0.00016409628036650865,0.00019307517031065812
0,uc1.b3386878,17,0.0,0.036781105982332384,0.9632188940176677
0,uc1.b3386878,18,0.0,0.00010979693967838834,0.9998902030603215
0,uc1.b3386878,19,0.0,9.641005882162795e-05,0.9999035899411785
0,uc1.b3386878,20,0.0,0.01712330032522477,0.9828766996747753
0,uc1.b3594210,2,0.9980093586777206,0.0009680645452178356,0.0010225767770615732
0,uc1.b3594210,3,0.9421435943805561,0.0014773586210765663,0.056379046998367315
0,uc1.b3594210,4,0.9929556886472193,0.0014773586210765663,0.0055669527317041825
0,uc1.b3594210,5,0.9942099475564093,0.005439445467366983,0.0003506069762236449
0,uc1.b3594210,6,0.9941462886176741,0.00585371138232584,0.0
0,uc1.b3594210,7,0.01,0.705,0.285
0,uc1.b3594210,8,0.0,0.275112447257384,0.7248875527426161
0,uc1.b3594210,9,0.0,1.0,0.0
0,uc1.b3594210,10,0.9998293474452179,0.00014393221823469696,2.672033654753152e-05
0,uc1.b3594210,11,0.010352443609022557,0.958314223057644,0.03133333333333333
0,uc1.b3594210,12,0.6863301191562061,0.28166988084379385,0.032
0,uc1.b3594210,13,0.0,0.08081289022402122,0.9191871097759788
0,uc1.b3594210,14,3.324468085106383e-06,0.0008809890451104889,0.9991156864868043
0,uc1.b3594210,15,3.324468085106383e-06,0.0006033241086777799,0.999393351423237
0,uc1.b3594210,16,3.324468085106383e-06,0.00631113928521469,0.9936855362467
0,uc1.b3594210,17,0.0,0.09738653265130366,0.9026134673486963
0,uc1.b3594210,18,0.0,0.0003215902461553263,0.9996784097538446
0,uc1.b3594210,19,0.0,0.009578923030076696,0.9904210769699232
0,uc1.b3594210,20,3.324468085106383e-06,0.00038015901438254895,0.9996165165175321
0,uc1.b3673056,1,0.9955165789591846,0.002387075721139627,0.0020963453196759423
0,uc1.b3673056,2,0.03769480519480519,0.8885551948051947,0.07375
0,uc1.b3673056,3,0.9974773398769102,0.0010969958451521394,0.0014256642779377922
0,uc1.b3673056,4,0.9985945624786414,0.0007562197507760756,0.0006492177705824881
0,uc1.b3673056,5,0.9998774243682946,9.585529515777388e-05,2.672033654753152e-05
0,uc1.b3673056,6,0.9985945624786414,0.0007562197507760756,0.0006492177705824881
0,uc1.b3673056,7,0.12,0.76,0.12
0,uc1.b3673056,8,0.01,0.22,0.77
0,uc1.b3673056,9,0.14,0.79,0.07
0,uc1.b3673056,10,0.9996428285493227,0.00016409628036650865,0.00019307517031065812
0,uc1.b3673056,11,0.06,0.205,0.735
0,uc1.b3673056,12,0.9991462886176741,0.0008537113823258402,0.0
0,uc1.b3673056,13,0.0575,0.045,0.8975
0,uc1.b3673056,14,0.04,0.655,0.305
0,uc1.b3673056,15,0.0,0.07292267849404235,0.9270773215059578
0,uc1.b3673056,16,0.005,0.2275816840594702,0.7674183159405298
0,uc1.b3673056,17,0.0,0.115,0.885
0,uc1.b3673056,18,0.0,0.86,0.14
0,uc1.b3673056,19,0.025,0.8577948717948718,0.1172051282051282
0,uc1.b3673056,20,0.005,0.9541844919786097,0.040815508021390376
0,uc1.b4365449,1,0.9382591807909604,0.007557203389830508,0.054183615819209045
0,uc1.b4365449,2,0.9927571868167681,0.001313321751837385,0.005929491431394585
0,uc1.b4365449,3,0.9910770545728866,0.005581827141760467,0.0033411182853530673
0,uc1.b4365449,4,0.9868796643491915,0.0005818271417604676,0.01253850850904818
0,uc1.b4365449,5,0.9998774243682946,9.585529515777388e-05,2.672033654753152e-05
0,uc1.b4365449,6,0.9924421939130917,0.0035527630712305354,0.004005043015678206
0,uc1.b4365449,7,0.3624581939799332,0.6375418060200669,0.0
0,uc1.b4365449,8,0.9998774243682946,9.585529515777388e-05,2.672033654753152e-05
0,uc1.b4365449,9,0.07535714285714286,0.7042121848739497,0.22043067226890756
0,uc1.b4365449,10,0.0,0.975,0.025
0,uc1.b4365449,11,0.0,0.985,0.015
0,uc1.b4365449,12,0.9998774243682946,9.585529515777388e-05,2.672033654753152e-05
0,uc1.b4365449,13,0.023525641025641027,0.7874391025641025,0.18903525641025642
0,uc1.b4365449,14,0.9998774243682946,9.585529515777388e-05,2.672033654753152e-05
0,uc1.b4365449,15,0.6135007493720828,0.0014773586210765663,0.38502189200684056
0,uc1.b4365449,16,0.9998774243682946,9.585529515777388e-05,2.672033654753152e-05
0,uc1.b4365449,17,0.155,0.83,0.015
0,uc1.b4365449,18,0.7198956393045424,0.28007764035891003,2.672033654753152e-05
0,uc1.b4365449,19,0.005076186970923813,0.018066484535362966,0.9768573284937133
0,uc1.b4365449,20,0.0,0.0012536957829260215,0.9987463042170737
0,uiug.30112106788414,1,0.065,0.4146153846153846,0.5203846153846154
0,uiug.30112106788414,2,0.8898333333333334,0.09516666666666668,0.015
0,uiug.30112106788414,3,0.9992958152958152,0.0007041847041847042,0.0
0,uiug.30112106788414,4,0.9989951028078842,0.0005235265190120393,0.00048137067310387207
0,uiug.30112106788414,5,0.9971672824074915,0.002059047217966666,0.0007736703745416527
0,uiug.30112106788414,6,0.9996428285493227,0.00016409628036650865,0.00019307517031065812
0,uiug.30112106788414,7,0.025,0.95,0.025
0,uiug.30112106788414,8,0.9996429686857797,0.0003303109776728128,2.672033654753152e-05
0,uiug.30112106788414,9,0.0,0.98,0.02
0,uiug.30112106788414,10,0.025,0.3316224137931034,0.6433775862068964
0,uiug.30112106788414,11,0.005,0.895,0.1
0,uiug.30112106788414,12,0.9996428285493227,0.00016409628036650865,0.00019307517031065812
0,uiug.30112106788414,13,0.005625,0.15546066792327648,0.8389143320767235
0,uiug.30112106788414,14,0.0,0.020244293831406402,0.9797557061685935
0,uiug.30112106788414,15,0.005,0.010504871109497693,0.9844951288905023
0,uiug.30112106788414,16,0.0,0.005368507473134057,0.9946314925268659
0,uiug.30112106788414,17,0.01,0.65,0.34
0,uiug.30112106788414,18,0.015,0.825,0.16
0,uiug.30112106788414,19,0.0,0.825,0.175
0,uiug.30112106788414,20,0.025,0.755,0.22
0,umn.31951p00651818n,1,0.812456230897868,0.0023133601601837027,0.1852304089419484
0,umn.31951p00651818n,2,0.9999719101123595,0.0,2.8089887640449436e-05
0,umn.31951p00651818n,3,0.9924421939130917,0.0035527630712305354,0.004005043015678206
0,umn.31951p00651818n,4,0.9924421939130917,0.0035527630712305354,0.004005043015678206
0,umn.31951p00651818n,6,0.9924421939130917,0.0035527630712305354,0.004005043015678206
0,umn.31951p00651818n,7,0.005,0.97,0.025
0,umn.31951p00651818n,8,0.0,0.88,0.12
0,umn.31951p00651818n,9,0.0,0.2516836312144442,0.7483163687855557
0,umn.31951p00651818n,10,0.9998293474452179,0.00014393221823469696,2.672033654753152e-05
0,umn.31951p00651818n,11,0.0,0.8594642857142857,0.1405357142857143
0,umn.31951p00651818n,12,0.0,0.9094642857142857,0.09053571428571429
0,umn.31951p00651818n,13,0.005,0.885,0.11
0,umn.31951p00651818n,14,0.01,0.525,0.465
0,umn.31951p00651818n,15,0.025,0.65,0.325
0,umn.31951p00651818n,16,0.0,0.96,0.04
0,umn.31951p00651818n,17,0.01,0.295,0.695
0,umn.31951p00651818n,18,0.01,0.78,0.21
0,umn.31951p00651818n,19,4.197749337787068e-05,0.00013621822475237894,0.9998218042818698
0,umn.31951p00651818n,20,0.0,0.03608948477611414,0.9639105152238859
0,uva.x000365220,1,0.035,0.245,0.72
0,uva.x000365220,2,0.9929556886472193,0.0014773586210765663,0.0055669527317041825
0,uva.x000365220,3,0.989540654473972,0.005263359267093566,0.005195986258934442
0,uva.x000365220,4,0.9998774243682946,9.585529515777388e-05,2.672033654753152e-05
0,uva.x000365220,5,0.025,0.97,0.005
0,uva.x000365220,6,0.135,0.86,0.005
0,uva.x000365220,7,0.005,0.9349264705882354,0.06007352941176471
0,uva.x000365220,8,0.4125,0.5475,0.04
0,uva.x000365220,9,0.165,0.74,0.095
0,uva.x000365220,10,0.9989951028078842,0.0005235265190120393,0.00048137067310387207
0,uva.x000365220,11,0.0,0.0020888985444754322,0.9979111014555246
0,uva.x000365220,12,2.0242914979757085e-05,0.014942592771111924,0.9850371643139083
0,uva.x000365220,13,0.0,0.011522061382550521,0.9884779386174496
0,uva.x000365220,14,0.9998293474452179,0.00014393221823469696,2.672033654753152e-05
0,uva.x000365220,15,0.0,0.985,0.015
0,uva.x000365220,16,0.005,0.9747727272727273,0.02022727272727273
0,uva.x000365220,17,0.01,0.98,0.01
0,uva.x000365220,18,0.005,0.9297999999999998,0.0652
0,uva.x000365220,19,0.14491525423728813,0.8550847457627119,0.0
0,uva.x000365220,20,0.29,0.535,0.175
0,uva.x006161304,1,0.665,0.195,0.14
0,uva.x006161304,2,0.9989398104978239,0.000618616687380328,0.00044157281479593373
0,uva.x006161304,3,0.0,0.89,0.11
0,uva.x006161304,4,0.00015151515151515152,0.6041508183634021,0.3956976664850827
0,uva.x006161304,5,3.324468085106383e-06,0.0003337525973228865,0.9996629229345919
0,uva.x006161304,6,0.04,0.245,0.715
0,uva.x006161304,7,0.0,0.0559492701540894,0.9440507298459104
0,uva.x006161304,8,0.9924421939130917,0.0035527630712305354,0.004005043015678206
0,uva.x006161304,9,0.0,0.004665651148076918,0.9953343488519226
0,uva.x006161304,10,1.7421602787456446e-05,0.009345506018524123,0.9906370723786884
0,uva.x006161304,11,0.0,0.001545238558259699,0.9984547614417403
0,uva.x006161304,12,0.005003324468085106,0.16220616044459782,0.8327905150873172
0,uva.x006161304,13,2.074607087256283e-05,0.0002812001523333085,0.9996980537767941
0,uva.x006161304,14,3.324468085106383e-06,0.00010620038546196764,0.9998904751464528
0,uva.x006161304,15,2.074607087256283e-05,0.008334218617656793,0.9916450353114705
0,uva.x006161304,16,3.324468085106383e-06,3.9051529674101586e-05,0.9999576240022406
0,uva.x006161304,17,2.074607087256283e-05,0.005674283305018026,0.9943049706241094
0,uva.x006161304,18,3.324468085106383e-06,0.0005635787987235124,0.9994330967331914
0,uva.x006161304,19,3.324468085106383e-06,0.0003359875406512751,0.9996606879912635
0,uva.x006161304,20,3.324468085106383e-06,0.00011879453994764682,0.9998778809919672
0,wu.89062361365,1,0.0,0.975,0.025
0,wu.89062361365,2,0.9868796643491915,0.0005818271417604676,0.01253850850904818
0,wu.89062361365,3,0.9990362936042055,0.00037137893017381304,0.0005923274656204756
0,wu.89062361365,4,0.9998774243682946,9.585529515777388e-05,2.672033654753152e-05
0,wu.89062361365,5,0.0,1.0,0.0
0,wu.89062361365,6,0.005,0.94,0.055
0,wu.89062361365,7,0.0,0.99,0.01
0,wu.89062361365,8,0.9924421939130917,0.0035527630712305354,0.004005043015678206
0,wu.89062361365,9,0.7224358974358975,0.26256410256410256,0.015
0,wu.89062361365,10,0.9998774243682946,9.585529515777388e-05,2.672033654753152e-05
0,wu.89062361365,11,3.324468085106383e-06,0.0034893230672540464,0.9965073524646607
0,wu.89062361365,12,0.9924421939130917,0.0035527630712305354,0.004005043015678206
0,wu.89062361365,13,2.356738306486347e-05,0.025717692772717276,0.9742587398442178
0,wu.89062361365,14,3.324468085106383e-06,0.000267522897813262,0.9997291526341016
0,wu.89062361365,15,3.324468085106383e-06,0.031105920505535192,0.9688907550263796
0,wu.89062361365,16,4.091845304751239e-05,0.014654553369374648,0.9853045281775776
0,wu.89062361365,17,0.0,0.1054751527422147,0.8945248472577851
0,wu.89062361365,18,0.9922097579845607,0.0038159209659673773,0.003974321049472368
0,wu.89062361365,19,0.0,0.995,0.005
0,wu.89062361365,20,0.9924421939130917,0.0035527630712305354,0.004005043015678206
0,mdp.39015026643877,1,0.4175,0.545,0.0375
0,mdp.39015026643877,2,0.995,0.005,0.0
0,mdp.39015026643877,3,0.9998774243682946,9.585529515777388e-05,2.672033654753152e-05
0,mdp.39015026643877,4,0.9996428285493227,0.00016409628036650865,0.00019307517031065812
0,mdp.39015026643877,5,0.045,0.74,0.215
0,mdp.39015026643877,6,0.995,0.005,0.0
0,mdp.39015026643877,7,0.0,0.17498797292203086,0.8250120270779692
0,mdp.39015026643877,8,0.999540654473972,0.0002633592670935655,0.00019598625893444137
0,mdp.39015026643877,9,0.0,0.685,0.315
0,mdp.39015026643877,10,0.9997467539420785,0.0002234950195672302,2.9751038354388083e-05
0,mdp.39015026643877,11,2.074607087256283e-05,0.006773314153529946,0.9932059397755973
0,mdp.39015026643877,12,4.197749337787068e-05,0.00014414931804932588,0.9998138731885728
0,mdp.39015026643877,13,4.197749337787068e-05,0.005093442671754444,0.9948645798348678
0,mdp.39015026643877,14,2.455589059041424e-05,0.06006385156701986,0.9399115925423898
0,mdp.39015026643877,15,2.455589059041424e-05,0.016308599466179532,0.98366684464323
0,mdp.39015026643877,16,2.455589059041424e-05,0.020063851567019862,0.9799115925423898
0,mdp.39015026643877,17,2.074607087256283e-05,0.00613862852623766,0.9938406254028896
0,mdp.39015026643877,18,2.455589059041424e-05,0.020063851567019862,0.9799115925423898
0,mdp.39015026643877,19,2.455589059041424e-05,0.020058599466179536,0.97991684464323
0,mdp.39015026643877,20,4.197749337787068e-05,0.00014414931804932588,0.9998138731885728
0,mdp.39015029918698,1,0.9648854663366293,0.0024382828565349705,0.032676250806835755
0,mdp.39015029918698,2,0.9975400465781721,0.00048596482679702903,0.0019739885950309276
0,mdp.39015029918698,3,0.9998293474452179,0.00014393221823469696,2.672033654753152e-05
0,mdp.39015029918698,4,0.9993828729736944,0.0004660252884714675,0.00015110173783429185
0,mdp.39015029918698,5,0.9998774243682946,9.585529515777388e-05,2.672033654753152e-05
0,mdp.39015029918698,6,0.9993828729736944,0.0004660252884714675,0.00015110173783429185
0,mdp.39015029918698,7,0.9926449948366332,0.0032001954740065643,0.004154809689360042
0,mdp.39015029918698,9,0.07,0.3947272727272727,0.5352727272727273
0,mdp.39015029918698,10,0.0,0.555,0.445
0,mdp.39015029918698,11,0.0,0.010163909864557114,0.9898360901354429
0,mdp.39015029918698,12,1.7421602787456446e-05,0.17256315318346555,0.8274194252137472
0,mdp.39015029918698,13,1.7421602787456446e-05,0.03359764239204064,0.966384936005172
0,mdp.39015029918698,14,0.0019043171262575196,0.0014874849624374037,0.9966081979113052
0,mdp.39015029918698,15,0.005,0.011720986961385276,0.9832790130386146
0,mdp.39015029918698,16,0.0,0.06614089717056741,0.9338591028294325
0,mdp.39015029918698,17,0.010021231422505307,0.0008011933700007094,0.989177575207494
0,mdp.39015029918698,18,2.1231422505307854e-05,0.0036031442059321272,0.9963756243715626
0,mdp.39015029918698,19,0.00015101257585456204,0.029304518242631184,0.9705444691815143
0,mdp.39015029918698,20,0.0019043171262575196,0.0014874849624374037,0.9966081979113052
0,mdp.39015080548087,1,0.04,0.11026315789473685,0.8497368421052631
0,mdp.39015080548087,2,0.9975400465781721,0.00048596482679702903,0.0019739885950309276
0,mdp.39015080548087,3,0.685,0.315,0.0
0,mdp.39015080548087,4,0.9996429686857797,0.0003303109776728128,2.672033654753152e-05
0,mdp.39015080548087,5,0.9993828729736944,0.0004660252884714675,0.00015110173783429185
0,mdp.39015080548087,6,0.9148956393045424,0.08507764035891005,2.672033654753152e-05
0,mdp.39015080548087,7,0.0,0.99,0.01
0,mdp.39015080548087,8,0.9975400465781721,0.00048596482679702903,0.0019739885950309276
0,mdp.39015080548087,9,0.515,0.48,0.005
0,mdp.39015080548087,10,0.9998774243682946,9.585529515777388e-05,2.672033654753152e-05
0,mdp.39015080548087,11,0.9924421939130917,0.0035527630712305354,0.004005043015678206
0,mdp.39015080548087,12,0.9996695665172372,0.00016409628036650865,0.00016633720239621965
0,mdp.39015080548087,13,0.015,0.7833653846153845,0.2016346153846154
0,mdp.39015080548087,14,0.0,0.91375,0.08625
0,mdp.39015080548087,15,0.1525,0.618,0.22949999999999998
0,mdp.39015080548087,16,0.9996428285493227,0.00016409628036650865,0.00019307517031065812
0,mdp.39015080548087,17,0.0,0.975,0.025
0,mdp.39015080548087,18,0.0,0.94,0.06
0,mdp.39015080548087,19,1.7421602787456446e-05,0.02006502437269058,0.979917554024522
0,mdp.39015080548087,20,1.7421602787456446e-05,0.006412470047887877,0.9935701083493248
0,mdp.49015000715152,1,0.23788690476190474,0.18934523809523807,0.5727678571428572
0,mdp.49015000715152,2,0.786228202548625,0.21363095238095242,0.00014084507042253522
0,mdp.49015000715152,3,0.36,0.55,0.09
0,mdp.49015000715152,4,0.9998774243682946,9.585529515777388e-05,2.672033654753152e-05
0,mdp.49015000715152,5,0.02,0.965,0.015
0,mdp.49015000715152,6,0.0060022700876359416,0.16541124051041423,0.8285864894019501
0,mdp.49015000715152,7,0.0075,0.9822435897435898,0.010256410256410255
0,mdp.49015000715152,8,0.005,0.9697413793103448,0.025258620689655172
0,mdp.49015000715152,9,0.01,0.8577575583620358,0.13224244163796403
0,mdp.49015000715152,10,0.005,0.9142857142857143,0.08071428571428571
0,mdp.49015000715152,11,0.0,0.965,0.035
0,mdp.49015000715152,12,2.0242914979757085e-05,0.18136870113397052,0.8186110559510498
0,mdp.49015000715152,13,0.0,0.0010977121110049364,0.998902287888995
0,mdp.49015000715152,14,0.0,0.0006312620414437385,0.9993687379585563
0,mdp.49015000715152,15,0.0,0.012007857177475836,0.9879921428225241
0,mdp.49015000715152,16,0.0,0.0021312283875634377,0.9978687716124365
0,mdp.49015000715152,17,0.0,0.07249167264994219,0.9275083273500577
0,mdp.49015000715152,18,0.9924421939130917,0.0035527630712305354,0.004005043015678206
0,mdp.49015000715152,19,0.0,0.34096428571428566,0.6590357142857144
0,mdp.49015000715152,20,3.355704697986577e-05,0.1404757996720719,0.8594906432809484
0,pst.000067131242,1,0.0,0.175,0.825
0,pst.000067131242,2,0.9925400465781721,0.00048596482679702903,0.006973988595030925
0,pst.000067131242,3,0.9998774243682946,9.585529515777388e-05,2.672033654753152e-05
0,pst.000067131242,4,0.9998774243682946,9.585529515777388e-05,2.672033654753152e-05
0,pst.000067131242,5,0.005153846153846153,0.9739626865671641,0.020883467278989664
0,pst.000067131242,6,0.035,0.875,0.09
0,pst.000067131242,7,0.0,0.89,0.11
0,pst.000067131242,8,0.0,0.17236904574446488,0.827630954255535
0,pst.000067131242,9,5.3799961959622864e-05,0.014506922727787364,0.9854392773102529
0,pst.000067131242,10,0.005200932185291527,0.022221901201508232,0.9725771666132004
0,pst.000067131242,11,0.00020093218529152596,0.03270498334754036,0.967094084467168
0,pst.000067131242,12,0.00020425665337663233,0.01369758493671757,0.9860981584099059
0,pst.000067131242,13,2.074607087256283e-05,0.0006682739608279411,0.9993109799682994
0,pst.000067131242,14,3.324468085106383e-06,6.43836386199459e-05,0.999932291893295
0,pst.000067131242,15,0.00015101257585456204,0.03036806439478239,0.9694809230293632
0,pst.000067131242,16,0.00020093218529152596,0.015343179468853994,0.9844558883458544
0,pst.000067131242,17,0.00017069960639676658,0.014263022900302744,0.9855662774933003
0,pst.000067131242,18,0.00017069960639676658,0.01809370329408193,0.9817355970995212
0,pst.000067131242,19,0.0003028087690871564,0.013028631413845512,0.9866685598170675
0,pst.000067131242,20,4.091845304751239e-05,0.003198959279044987,0.9967601222679074
0,pst.000067577934,2,0.9997873412354338,3.823212737372679e-05,0.00017442663719259465
0,pst.000067577934,3,0.9561025641025641,0.0438974358974359,0.0
0,pst.000067577934,4,0.9924421939130917,0.0035527630712305354,0.004005043015678206
0,pst.000067577934,5,0.105,0.6599107142857144,0.23508928571428572
0,pst.000067577934,6,0.065,0.4455633802816902,0.4894366197183098
0,pst.000067577934,7,0.285,0.43,0.285
0,pst.000067577934,8,0.305,0.215,0.48
0,pst.000067577934,9,0.255,0.14,0.605
0,pst.000067577934,10,0.3,0.285,0.415
0,pst.000067577934,11,0.01,0.5,0.49
0,pst.000067577934,12,0.035,0.3577777777777778,0.6072222222222222
0,pst.000067577934,13,0.9998774243682946,9.585529515777388e-05,2.672033654753152e-05
0,pst.000067577934,14,0.9996429686857797,0.0003303109776728128,2.672033654753152e-05
0,pst.000067577934,15,0.665,0.26,0.075
0,pst.000067577934,16,0.525,0.39,0.085
0,txu.059173016134190,1,0.045,0.195,0.76
0,txu.059173016134190,2,0.895,0.095,0.01
0,txu.059173016134190,3,0.9946429686857797,0.005330310977672812,2.672033654753152e-05
0,txu.059173016134190,4,0.999540654473972,0.0002633592670935655,0.00019598625893444137
0,txu.059173016134190,5,0.9989951028078842,0.0005235265190120393,0.00048137067310387207
0,txu.059173016134190,6,0.9993828729736944,0.0004660252884714675,0.00015110173783429185
0,txu.059173016134190,7,0.005,0.9849264705882353,0.010073529411764705
0,txu.059173016134190,8,0.04,0.88,0.08
0,txu.059173016134190,9,5.3799961959622864e-05,0.018771988378264572,0.9811742116597757
0,txu.059173016134190,10,0.0,0.0001486546084895049,0.9998513453915103
0,txu.059173016134190,11,0.0,6.103255765407363e-05,0.9999389674423459
0,txu.059173016134190,12,0.0,9.641005882162795e-05,0.9999035899411785
0,txu.059173016134190,13,0.09003355704697986,0.16141339760906465,0.7485530453439554
0,txu.059173016134190,14,0.9924421939130917,0.0035527630712305354,0.004005043015678206
0,txu.059173016134190,15,0.0,0.0008669368652708597,0.9991330631347288
0,txu.059173016134190,16,0.9924421939130917,0.0035527630712305354,0.004005043015678206
0,txu.059173016134190,17,0.8663043478260869,0.12869565217391304,0.005
0,txu.059173016134190,18,0.9924421939130917,0.0035527630712305354,0.004005043015678206
0,txu.059173016134190,19,0.22,0.72,0.06
0,txu.059173016134190,20,0.9993568840579711,0.0006431159420289854,0.0
0,txu.059173024339359,1,0.7826143878820438,0.03217491256464542,0.18521069955331076
0,txu.059173024339359,2,0.7215,0.2234107142857143,0.05508928571428571
0,txu.059173024339359,3,0.05035714285714286,0.7301785714285713,0.2194642857142857
0,txu.059173024339359,4,0.45013690476190477,0.04980952380952381,0.5000535714285714
0,txu.059173024339359,5,0.9996873412354337,3.823212737372679e-05,0.0002744266371925946
0,txu.059173024339359,6,0.6055535714285714,0.0386984126984127,0.3557480158730159
0,txu.059173024339359,7,0.24,0.74,0.02
0,txu.059173024339359,8,0.541,0.449,0.01
0,txu.059173024339359,9,0.005776515151515151,0.14352434092355795,0.850699143924927
0,txu.059173024339359,10,0.00010088807627007966,0.057259416142280084,0.9426396957814499
