chi.40727635	[["no_content","no_content",""],["no_content","no_content","stamp"],["no_content","no_content",""],["no_content","no_content",""],["factual","title",""],["no_content","no_content",""],["factual","title",""],["factual","pub_info",""],["factual","list",""],["factual","list",""],["creative","main_text",""],["creative","main_text",""],["creative","main_text",""],["creative","main_text",""],["creative","main_text",""],["creative","main_text",""],["creative","main_text",""],["creative","main_text",""],["creative","main_text",""],["creative","main_text",""]]
coo.31924000431662	[["no_content","no_content",""],["no_content","no_content","barcode, due date slip"],["factual","title",""],["factual","pub_info",""],["factual","list",""],["no_content","no_content",""],["creative","pref_text","foreword"],["creative","pref_text","foreword"],["creative","main_text",""],["creative","main_text",""],["creative","main_text",""],["creative","main_text",""],["creative","main_text",""],["creative","main_text",""],["creative","main_text",""],["factual","main_text","data table"],["factual","main_text","data table"],["factual","main_text","data table"],["factual","main_text","data table"],["creative","main_text",""]]
coo.31924001144959	[["no_content","no_content","binding"],["no_content","no_content","library bookplate"],["no_content","no_content","due date slip, barcode"],["no_content","no_content",""],["no_content","no_content",""],["no_content","no_content",""],["factual","title",""],["no_content","no_content",""],["no_content","no_content",""],["no_content","no_content",""],["factual","title",""],["factual","pub_info",""],["no_content","no_content",""],["no_content","no_content",""],["creative","pref_text","preface"],["creative","pref_text","preface"],["creative","pref_text","preface"],["no_content","no_content",""],["creative","main_text",""],["no_content","no_content",""]]
coo.31924073896007	[["factual","cover",""],["no_content","no_content","stamp"],["no_content","no_content","due date slip"],["no_content","no_content",""],["no_content","no_content",""],["no_content","no_content",""],["factual","title",""],["no_content","no_content","cutter"],["no_content","no_content",""],["no_content","no_content",""],["factual","list",""],["no_content","no_content",""],["creative","pref_text","biography"],["no_content","no_content",""],["creative","pref_text","acknowledgements"],["no_content","no_content",""],["creative","pref_text","abstract"],["no_content","no_content",""],["creative","pref_text","abstract"],["no_content","no_content",""]]
coo.31924080009719	[["mixed","cover","cover art photo"],["mixed","pub_info",""],["creative","ad",""],["creative","image","incorporates photos into index"],["creative","image","incorporates photos into index"],["creative","image",""],["creative","image",""],["creative","image",""],["creative","image",""],["creative","image",""],["creative","image",""],["creative","image",""],["creative","image",""],["creative","image",""],["creative","image",""],["creative","image",""],["creative","image",""],["creative","image",""],["creative","image",""],["creative","image",""]]
coo.31924094241217	[["no_content","no_content","cutter"],["no_content","no_content","bookplate"],["no_content","no_content","date slip"],["no_content","no_content",""],["no_content","no_content",""],["no_content","no_content",""],["factual","title",""],["no_content","no_content",""],["factual","list",""],["no_content","no_content","cutter"],["creative","main_text",""],["no_content","no_content",""],["creative","main_text",""],["no_content","no_content",""],["creative","main_text",""],["no_content","no_content",""],["creative","main_text",""],["no_content","no_content",""],["creative","main_text",""],["no_content","no_content",""]]
coo.31924098538329	[["factual","cover",""],["no_content","no_content",""],["factual","title",""],["no_content","no_content","handwritten cutter"],["creative","pref_text","acknowledgement"],["creative","pref_text","summary"],["factual","appendix",""],["factual","list",""],["creative","main_text",""],["creative","main_text",""],["creative","main_text",""],["creative","main_text",""],["creative","main_text",""],["creative","main_text",""],["creative","main_text",""],["creative","main_text",""],["creative","main_text",""],["creative","main_text",""],["creative","main_text",""],["creative","main_text",""]]
ien.35556003776788	[["no_content","no_content",""],["no_content","no_content","library sticker"],["no_content","no_content",""],["no_content","no_content",""],["creative","pref_text","foreword"],["no_content","no_content",""],["factual","list",""],["no_content","no_content",""],["factual","title","Section title"],["no_content","no_content","hand written cutter"],["creative","main_text",""],["creative","main_text",""],["creative","main_text",""],["creative","main_text","has data table"],["creative","main_text",""],["creative","main_text",""],["creative","main_text",""],["creative","main_text",""],["creative","main_text",""],["creative","main_text",""]]
inu.30000070597756	[["no_content","no_content","binding"],["no_content","no_content",""],["no_content","no_content",""],["no_content","no_content",""],["factual","cover","title, list of contents"],["factual","pub_info",""],["factual","list",""],["no_content","no_content",""],["creative","main_text",""],["creative","main_text",""],["creative","main_text",""],["creative","main_text",""],["creative","main_text",""],["creative","main_text",""],["creative","main_text",""],["creative","main_text",""],["factual","main_text","data table"],["creative","main_text",""],["factual","main_text","data table"],["creative","main_text",""]]
inu.30000081728184	[["factual","cover",""],["no_content","no_content",""],["no_content","no_content",""],["no_content","no_content",""],["factual","title",""],["factual","pub_info",""],["creative","main_text",""],["creative","main_text",""],["creative","main_text",""],["creative","main_text",""],["creative","main_text",""],["creative","main_text",""],["creative","main_text",""],["creative","main_text",""],["factual","main_text","data plots"],["factual","main_text","data plots"],["factual","main_text","data plots"],["creative","main_text",""],["creative","main_text",""],["creative","main_text",""]]
inu.30000093900276	[["mixed","cover","Artwork on cover"],["no_content","no_content",""],["no_content","no_content","bindery barcode"],["no_content","no_content",""],["factual","title",""],["factual","pub_info",""],["creative","dedication",""],["factual","list",""],["factual","list",""],["factual","appendix","List of play characters"],["creative","main_text",""],["creative","poem",""],["creative","poem",""],["no_content","no_content",""],["creative","main_text",""],["creative","main_text",""],["creative","main_text",""],["creative","main_text",""],["creative","main_text",""],["creative","main_text",""]]
inu.30000115509105	[["no_content","no_content","binding"],["no_content","no_content",""],["no_content","no_content",""],["no_content","no_content",""],["no_content","no_content",""],["no_content","no_content",""],["mixed","title","cover illustration"],["factual","pub_info",""],["factual","list",""],["factual","list",""],["factual","list",""],["factual","list",""],["factual","list",""],["factual","list",""],["creative","pref_text","foreword"],["creative","pref_text","foreword"],["creative","pref_text","acknowledgements"],["no_content","no_content",""],["mixed","title","illustrations"],["no_content","no_content",""]]
inu.30000115798963	[["mixed","cover","cover art"],["no_content","no_content","scan bed"],["mixed","cover",""],["no_content","no_content",""],["factual","pub_info",""],["factual","title",""],["factual","title",""],["factual","pub_info",""],["creative","image",""],["no_content","no_content",""],["factual","appendix",""],["factual","appendix",""],["factual","list",""],["factual","list",""],["creative","main_text",""],["creative","main_text",""],["creative","main_text",""],["creative","main_text",""],["creative","main_text",""],["creative","main_text",""]]
inu.30000117802359	[["no_content","no_content","printed cutter"],["no_content","no_content",""],["no_content","no_content",""],["no_content","no_content",""],["no_content","no_content",""],["no_content","no_content",""],["no_content","no_content",""],["no_content","no_content",""],["no_content","no_content",""],["no_content","no_content",""],["no_content","no_content",""],["no_content","no_content",""],["creative","cover","photos"],["factual","ad",""],["factual","ad",""],["factual","ad",""],["factual","title",""],["factual","pub_info",""],["factual","list",""],["creative","pref_text","editorial"]]
inu.32000007770185	[["no_content","no_content","scan bed"],["no_content","no_content","binding"],["factual","cover",""],["no_content","no_content",""],["factual","title",""],["no_content","no_content",""],["factual","title",""],["no_content","no_content",""],["factual","list",""],["no_content","no_content",""],["creative","main_text",""],["no_content","no_content",""],["creative","main_text",""],["no_content","no_content",""],["creative","main_text",""],["no_content","no_content",""],["creative","main_text",""],["no_content","no_content",""],["creative","main_text",""],["no_content","no_content",""]]
inu.39000001168165	[["mixed","cover","designed cover"],["no_content","no_content",""],["factual","title",""],["factual","pub_info",""],["factual","list",""],["factual","list",""],["creative","pref_text",""],["creative","pref_text",""],["creative","pref_text",""],["no_content","no_content",""],["creative","pref_text","acknowledgments"],["creative","pref_text","acknowledgments"],["creative","pref_text","acknowledgments"],["no_content","no_content",""],["creative","pref_text","contributors"],["no_content","no_content",""],["creative","main_text",""],["creative","main_text",""],["creative","main_text",""],["creative","main_text",""]]
mdp.39015000426158	[["no_content","no_content","binding"],["no_content","no_content","stamp"],["no_content","no_content","stamp"],["no_content","no_content",""],["no_content","no_content",""],["no_content","no_content",""],["factual","title",""],["no_content","no_content","cutter"],["mixed","cover","cover art"],["factual","ad",""],["factual","ad",""],["factual","appendix","To our contributors"],["factual","list",""],["creative","main_text",""],["creative","main_text",""],["creative","main_text",""],["creative","main_text",""],["creative","main_text",""],["creative","main_text",""],["creative","main_text",""]]
mdp.39015002985037	[["no_content","no_content","binding"],["no_content","no_content","stamp"],["no_content","no_content",""],["no_content","no_content",""],["factual","title",""],["no_content","no_content",""],["factual","title",""],["factual","pub_info",""],["factual","pub_info",""],["factual","dedication",""],["creative","image",""],["no_content","no_content",""],["creative","pref_text","preface"],["no_content","no_content",""],["factual","list",""],["factual","list",""],["creative","main_text",""],["creative","main_text",""],["creative","main_text",""],["creative","main_text",""]]
mdp.39015006404092	[["no_content","no_content",""],["no_content","no_content","stamp"],["no_content","no_content",""],["no_content","no_content","stamp"],["no_content","no_content",""],["no_content","no_content",""],["factual","cover",""],["no_content","no_content",""],["factual","title",""],["no_content","no_content",""],["creative","pref_text","preface"],["no_content","no_content",""],["creative","pref_text","abstract"],["no_content","no_content",""],["factual","list",""],["no_content","no_content",""],["factual","appendix",""],["factual","appendix",""],["factual","appendix",""],["factual","appendix",""]]
mdp.39015009147821	[["no_content","no_content","binding"],["creative","image","floorplan"],["creative","image","floorplan"],["creative","image","floorplan"],["creative","image","floorplan"],["no_content","no_content",""],["factual","title",""],["no_content","no_content",""],["factual","ad",""],["creative","image","map"],["factual","title",""],["factual","pub_info","also note of thanks"],["factual","dedication",""],["no_content","no_content",""],["factual","list",""],["factual","pref_text","author's note"],["creative","epigraph",""],["no_content","no_content",""],["factual","title",""],["no_content","no_content",""]]
mdp.39015012654490	[["mixed","cover","Title and photograph"],["no_content","no_content","stamp"],["no_content","no_content",""],["no_content","no_content",""],["factual","title",""],["factual","ad",""],["factual","title",""],["factual","pub_info",""],["creative","dedication","photo and long dedication"],["no_content","no_content",""],["creative","pref_text","preface"],["no_content","no_content",""],["factual","list",""],["factual","list",""],["creative","main_text",""],["creative","main_text",""],["creative","main_text",""],["no_content","no_content",""],["factual","title",""],["no_content","no_content",""]]
mdp.39015018230873	[["no_content","no_content","cutter"],["no_content","no_content","binding"],["mixed","cover","cover art"],["creative","ad",""],["creative","ad",""],["factual","list",""],["factual","pub_info",""],["creative","ad",""],["mixed","pub_info","Begins content on editorial info page"],["creative","ad",""],["creative","ad",""],["creative","ad",""],["creative","ad",""],["creative","ad",""],["creative","ad",""],["creative","ad",""],["creative","ad",""],["creative","ad",""],["creative","ad",""],["creative","ad",""]]
mdp.39015021525475	[["mixed","cover","cover art"],["factual","appendix",""],["no_content","no_content",""],["no_content","no_content",""],["factual","pub_info",""],["factual","pub_info",""],["factual","title",""],["no_content","no_content",""],["factual","title",""],["factual","pub_info",""],["factual","title",""],["no_content","no_content",""],["creative","main_text",""],["creative","main_text",""],["creative","main_text",""],["creative","main_text",""],["creative","main_text",""],["creative","main_text",""],["creative","main_text",""],["creative","main_text",""]]
mdp.39015028575051	[["no_content","no_content","page not available"],["no_content","no_content","stamp"],["no_content","no_content",""],["no_content","no_content",""],["factual","title",""],["factual","ad",""],["factual","title",""],["factual","pub_info",""],["factual","dedication",""],["no_content","no_content",""],["creative","poem",""],["no_content","no_content",""],["factual","appendix",""],["factual","appendix",""],["creative","pref_text","preface"],["creative","pref_text","preface"],["creative","pref_text","preface"],["no_content","no_content",""],["factual","list",""],["no_content","no_content",""]]
mdp.39015028686320	[["no_content","no_content","binding"],["no_content","no_content","stamp"],["no_content","no_content",""],["no_content","no_content",""],["factual","title",""],["no_content","no_content",""],["factual","title",""],["factual","pub_info",""],["factual","pub_info",""],["factual","pub_info","editorial disclaimer"],["factual","list",""],["factual","list",""],["factual","appendix",""],["factual","appendix",""],["creative","main_text",""],["creative","main_text",""],["creative","main_text",""],["creative","main_text",""],["creative","main_text",""],["creative","main_text",""]]
mdp.39015035384133	[["factual","cover",""],["no_content","no_content",""],["no_content","no_content",""],["no_content","no_content",""],["factual","title",""],["factual","pub_info",""],["factual","list",""],["no_content","no_content",""],["factual","appendix",""],["factual","appendix",""],["factual","main_text",""],["factual","main_text",""],["factual","main_text",""],["factual","main_text",""],["factual","main_text",""],["factual","main_text",""],["factual","main_text",""],["factual","main_text",""],["factual","main_text",""],["no_content","no_content",""]]
mdp.39015041878987	[["factual","cover",""],["no_content","no_content","stamp"],["no_content","no_content",""],["no_content","no_content",""],["factual","title",""],["factual","pub_info",""],["creative","main_text",""],["creative","main_text",""],["creative","main_text",""],["creative","main_text",""],["creative","main_text",""],["creative","main_text",""],["creative","main_text",""],["creative","main_text",""],["creative","main_text",""],["creative","main_text",""],["creative","main_text",""],["creative","main_text",""],["creative","main_text",""],["creative","main_text",""]]
mdp.39015041920581	[["mixed","cover","cover design"],["no_content","no_content","stamp"],["factual","title",""],["factual","pub_info",""],["factual","list",""],["factual","list",""],["creative","pref_text","introduction"],["creative","pref_text","introduction"],["creative","main_text",""],["creative","main_text",""],["creative","main_text",""],["creative","main_text",""],["creative","main_text",""],["creative","main_text",""],["creative","main_text",""],["creative","main_text",""],["creative","main_text",""],["creative","main_text",""],["creative","main_text",""],["creative","main_text",""]]
mdp.39015046811660	[["no_content","no_content","page not available"],["no_content","no_content","stamp"],["no_content","no_content",""],["no_content","no_content",""],["factual","title",""],["factual","ad",""],["factual","title",""],["factual","pub_info",""],["factual","dedication",""],["no_content","no_content",""],["factual","list",""],["factual","list",""],["creative","pref_text","preface"],["creative","pref_text","preface"],["creative","pref_text","preface"],["creative","pref_text","preface"],["creative","pref_text","preface"],["creative","pref_text","preface"],["creative","pref_text","preface"],["creative","pref_text","preface"]]
mdp.39015054437911	[["mixed","cover","cover photo"],["no_content","no_content","stamp"],["factual","title","pub info too"],["no_content","no_content","cutter"],["factual","dedication",""],["no_content","no_content",""],["creative","pref_text","Appreciation"],["no_content","no_content",""],["creative","pref_text","preface"],["creative","pref_text","preface"],["factual","list",""],["factual","list",""],["factual","list",""],["factual","list",""],["factual","list",""],["factual","list",""],["factual","list",""],["factual","list",""],["factual","list",""],["no_content","no_content",""]]
mdp.39015058723985	[["mixed","cover","cover photo"],["no_content","no_content","stamp"],["factual","title",""],["creative","image","basic line map"],["factual","title",""],["factual","pub_info",""],["factual","list",""],["factual","list",""],["factual","list",""],["factual","list",""],["factual","list",""],["factual","list",""],["creative","pref_text","introduction"],["creative","pref_text","introduction"],["creative","pref_text","introduction"],["creative","pref_text","introduction"],["creative","pref_text","introduction"],["creative","pref_text","introduction"],["creative","pref_text","introduction"],["creative","pref_text","introduction"]]
mdp.39015058747786	[["no_content","no_content","binding"],["no_content","no_content","stamp"],["no_content","no_content","bindery barcode"],["no_content","no_content",""],["factual","cover",""],["no_content","no_content",""],["factual","appendix",""],["no_content","no_content",""],["factual","title",""],["factual","pub_info",""],["creative","pref_text","foreword"],["creative","pref_text","foreword"],["creative","pref_text","preface"],["no_content","no_content",""],["factual","appendix",""],["factual","appendix",""],["factual","list",""],["factual","list",""],["factual","list",""],["no_content","no_content",""]]
mdp.39015059268014	[["mixed","cover","cover art"],["no_content","no_content","stamp"],["no_content","no_content",""],["no_content","no_content",""],["factual","title",""],["no_content","no_content",""],["factual","title",""],["factual","pub_info",""],["creative","epigraph",""],["no_content","no_content",""],["creative","pref_text","preface"],["creative","pref_text","preface"],["creative","pref_text","preface"],["creative","pref_text","preface"],["creative","pref_text","preface"],["creative","pref_text","preface"],["creative","pref_text","preface"],["creative","pref_text","preface"],["creative","pref_text","preface"],["creative","pref_text","preface"]]
mdp.39015059314008	[["factual","cover",""],["no_content","no_content","stamp"],["factual","title",""],["factual","pub_info",""],["factual","dedication",""],["no_content","no_content",""],["factual","list",""],["factual","list",""],["factual","list",""],["no_content","no_content",""],["factual","list",""],["no_content","no_content",""],["factual","list",""],["factual","list",""],["creative","pref_text","preface"],["creative","pref_text","preface"],["creative","pref_text","preface"],["no_content","no_content",""],["creative","pref_text","acknowledgements"],["creative","pref_text","acknowledgements"]]
mdp.39015062118842	[["mixed","cover","photo background"],["creative","ad",""],["factual","list",""],["creative","ad",""],["creative","ad",""],["creative","ad",""],["creative","ad",""],["creative","ad",""],["creative","ad",""],["creative","ad",""],["creative","ad",""],["creative","ad",""],["factual","pub_info",""],["creative","main_text",""],["creative","main_text",""],["creative","main_text",""],["creative","main_text",""],["creative","main_text",""],["creative","main_text",""],["creative","main_text",""]]
mdp.39015063635422	[["factual","cover",""],["no_content","no_content","library binding"],["factual","title",""],["no_content","no_content","handwritten cutter"],["creative","main_text",""],["creative","main_text",""],["creative","main_text",""],["creative","main_text",""],["creative","main_text",""],["creative","main_text",""],["creative","main_text",""],["creative","main_text",""],["creative","main_text",""],["creative","main_text",""],["creative","main_text",""],["creative","main_text",""],["creative","main_text",""],["creative","main_text",""],["creative","main_text",""],["creative","main_text",""]]
mdp.39015065053715	[["no_content","no_content","binding"],["no_content","no_content","stamp"],["no_content","no_content",""],["no_content","no_content",""],["factual","title",""],["factual","pub_info",""],["mixed","cover","cover uses photo"],["factual","pub_info",""],["creative","pref_text","foreword"],["no_content","no_content",""],["factual","list",""],["factual","list",""],["factual","appendix",""],["factual","appendix",""],["factual","appendix",""],["no_content","no_content",""],["creative","main_text",""],["creative","main_text",""],["creative","main_text",""],["creative","main_text",""]]
mdp.39015067434657	[["no_content","no_content","binding"],["no_content","no_content","stamp"],["no_content","no_content",""],["no_content","no_content",""],["mixed","cover","cover photo"],["factual","pub_info",""],["factual","list",""],["creative","pref_text","marginalien"],["factual","list",""],["creative","image",""],["creative","main_text","extensive quote"],["creative","image",""],["creative","main_text",""],["creative","main_text",""],["creative","main_text",""],["creative","main_text",""],["creative","main_text",""],["creative","main_text",""],["creative","main_text",""],["creative","main_text",""]]
mdp.39015069671421	[["factual","cover",""],["no_content","no_content","stamp"],["no_content","no_content",""],["no_content","no_content",""],["no_content","no_content",""],["no_content","no_content",""],["factual","cover",""],["no_content","no_content",""],["factual","title",""],["no_content","no_content",""],["creative","pref_text","introduction"],["creative","pref_text","introduction"],["creative","pref_text","introduction"],["creative","pref_text","introduction"],["creative","pref_text","introduction"],["creative","pref_text","introduction"],["creative","pref_text","introduction"],["creative","pref_text","introduction"],["creative","poem",""],["creative","poem",""]]
mdp.39015070446375	[["no_content","no_content","cutter"],["no_content","no_content","stamp"],["no_content","no_content",""],["no_content","no_content",""],["mixed","cover","cover art"],["no_content","no_content",""],["factual","title",""],["factual","pub_info",""],["creative","main_text",""],["creative","main_text",""],["creative","main_text",""],["creative","main_text",""],["creative","main_text",""],["creative","main_text",""],["creative","main_text",""],["creative","main_text",""],["creative","main_text",""],["creative","main_text",""],["creative","main_text",""],["creative","main_text",""]]
mdp.39015071112745	[["factual","cover",""],["creative","pref_text","Note from the director"],["factual","title",""],["factual","pub_info",""],["creative","pref_text","acknowledgment"],["creative","pref_text","synopsis"],["factual","list",""],["no_content","no_content",""],["creative","main_text",""],["creative","main_text",""],["creative","main_text",""],["creative","main_text",""],["creative","main_text",""],["creative","main_text",""],["creative","main_text",""],["creative","main_text",""],["creative","main_text",""],["creative","main_text",""],["creative","main_text",""],["creative","main_text",""]]
mdp.39015073956255	[["factual","cover",""],["factual","pub_info",""],["factual","title",""],["creative","pref_text","preface"],["creative","pref_text","preface"],["no_content","no_content",""],["creative","pref_text","preface"],["no_content","no_content",""],["factual","list",""],["factual","appendix",""],["factual","appendix",""],["no_content","no_content",""],["factual","title",""],["creative","main_text",""],["factual","main_text","data tables"],["creative","main_text",""],["factual","main_text","data tables"],["creative","main_text",""],["factual","main_text","data tables"],["creative","main_text",""]]
mdp.39015074369391	[["no_content","no_content","binding"],["no_content","no_content","stamp"],["no_content","no_content",""],["no_content","no_content",""],["factual","title",""],["no_content","no_content",""],["no_content","no_content",""],["creative","image",""],["factual","title",""],["factual","pub_info",""],["factual","pub_info",""],["no_content","no_content",""],["factual","dedication",""],["no_content","no_content",""],["factual","dedication",""],["no_content","no_content",""],["factual","list",""],["no_content","no_content",""],["creative","pref_text","introduction"],["creative","pref_text","introduction"]]
mdp.39015078660712	[["factual","cover",""],["no_content","no_content","stamp"],["no_content","no_content",""],["no_content","no_content",""],["factual","title",""],["factual","dedication",""],["creative","pref_text",""],["creative","pref_text",""],["factual","title",""],["factual","main_text","data table"],["factual","main_text","data table"],["factual","main_text","data table"],["factual","main_text","equation"],["factual","main_text","data table"],["factual","main_text","data table"],["factual","main_text","data table"],["factual","main_text","data table"],["factual","main_text","data table"],["factual","main_text","data table"],["factual","main_text","data table"]]
osu.32435057700403	[["factual","cover",""],["no_content","no_content","scan bed"],["factual","cover",""],["no_content","no_content",""],["factual","title",""],["no_content","no_content",""],["creative","main_text",""],["creative","main_text",""],["creative","main_text",""],["creative","main_text",""],["creative","main_text",""],["creative","main_text",""],["creative","main_text",""],["creative","main_text",""],["creative","main_text",""],["creative","main_text",""],["creative","main_text",""],["creative","main_text",""],["factual","main_text","data table"],["creative","main_text",""]]
pst.000004758006	[["factual","cover",""],["factual","pub_info",""],["factual","title",""],["factual","pub_info",""],["factual","list",""],["creative","pref_text","foreword"],["creative","main_text","equations"],["creative","main_text","equations"],["creative","main_text","equations"],["creative","main_text","equations"],["creative","main_text","equations"],["creative","main_text","equations"],["creative","main_text","equations"],["creative","main_text","equations"],["creative","main_text","equations"],["creative","main_text","equations"],["creative","main_text","equations"],["creative","main_text","equations"],["creative","main_text","equations"],["creative","main_text","equations"]]
pst.000068531966	[["no_content","no_content","binding"],["no_content","no_content","library bookplate"],["no_content","no_content",""],["no_content","no_content",""],["factual","title",""],["no_content","no_content","handwritten cutter"],["factual","list",""],["no_content","no_content",""],["factual","title",""],["no_content","no_content",""],["factual","appendix","letter of transmittal"],["creative","main_text",""],["creative","main_text",""],["creative","main_text",""],["creative","main_text",""],["creative","main_text",""],["creative","main_text",""],["creative","main_text",""],["creative","main_text",""],["creative","main_text",""]]
txu.059172146813022	[["factual","cover","library binding"],["no_content","no_content","stamp"],["mixed","cover","photo cover"],["creative","ad",""],["creative","pref_text","editorial"],["mixed","list","contains photograph, pub info"],["mixed","list","contains photographs"],["creative","main_text",""],["creative","ad",""],["creative","ad",""],["creative","main_text",""],["creative","ad",""],["creative","main_text",""],["creative","main_text",""],["creative","ad",""],["creative","ad",""],["creative","main_text",""],["creative","main_text",""],["creative","ad",""],["creative","ad",""]]
txu.059173001429689	[["mixed","cover","cover photo"],["no_content","no_content","barcode, stamp"],["no_content","no_content",""],["no_content","no_content",""],["factual","title",""],["factual","pub_info",""],["factual","dedication",""],["no_content","no_content",""],["factual","list",""],["no_content","no_content",""],["creative","main_text","prologue"],["creative","main_text","prologue"],["creative","main_text","prologue"],["no_content","no_content",""],["creative","pref_text","preface"],["creative","pref_text","preface"],["creative","main_text","preface"],["creative","main_text","preface"],["creative","main_text","preface"],["creative","main_text","preface notes"]]
txu.059173012302588	[["factual","cover","library binding"],["no_content","no_content","barcode, library stamp"],["mixed","cover","photographic cover design"],["no_content","no_content",""],["factual","title",""],["factual","pub_info",""],["factual","title",""],["factual","pub_info",""],["factual","list",""],["no_content","no_content",""],["creative","pref_text","preface"],["creative","pref_text","preface"],["creative","main_text",""],["creative","main_text",""],["creative","main_text",""],["creative","main_text",""],["creative","main_text",""],["creative","main_text",""],["creative","main_text",""],["creative","main_text",""]]
txu.059173018072390	[["no_content","no_content",""],["no_content","no_content","stamp"],["no_content","no_content",""],["no_content","no_content",""],["no_content","no_content",""],["no_content","no_content",""],["mixed","cover","cover art"],["no_content","no_content",""],["no_content","no_content","cutter"],["no_content","no_content",""],["factual","title",""],["no_content","no_content",""],["factual","title",""],["factual","ad",""],["factual","dedication",""],["no_content","no_content",""],["creative","pref_text","preface"],["creative","pref_text","preface"],["creative","poem",""],["no_content","no_content",""]]
txu.059173026695219	[["factual","cover","library binding"],["no_content","no_content","stamp, cutter"],["no_content","no_content","page not available"],["no_content","no_content",""],["no_content","no_content","page not available"],["no_content","no_content",""],["no_content","no_content",""],["no_content","no_content",""],["no_content","no_content",""],["no_content","no_content",""],["no_content","no_content","page not available"],["creative","poem",""],["creative","poem",""],["creative","poem",""],["creative","poem",""],["creative","poem",""],["creative","poem",""],["creative","poem",""],["creative","poem",""],["creative","poem",""]]
uc1.$b137867	[["no_content","no_content","barcode"],["no_content","no_content",""],["no_content","no_content",""],["factual","title",""],["factual","title",""],["factual","pub_info",""],["factual","title",""],["no_content","no_content",""],["creative","pref_text",""],["creative","pref_text",""],["creative","pref_text",""],["creative","pref_text",""],["creative","pref_text",""],["no_content","no_content",""],["factual","list",""],["factual","list",""],["factual","list",""],["factual","list",""],["factual","list",""],["factual","list",""]]
uc1.$b303781	[["mixed","cover","has some artistic design"],["no_content","no_content","library bookplate"],["no_content","no_content",""],["no_content","no_content",""],["factual","title",""],["no_content","no_content",""],["factual","title",""],["factual","pub_info",""],["creative","epigraph",""],["no_content","no_content",""],["factual","list",""],["factual","list",""],["creative","image",""],["no_content","no_content",""],["creative","pref_text","foreword"],["no_content","no_content",""],["creative","poem",""],["no_content","no_content",""],["factual","title",""],["no_content","no_content",""]]
uc1.$b556735	[["factual","cover",""],["no_content","no_content","bookplate"],["no_content","no_content",""],["no_content","no_content",""],["no_content","no_content",""],["no_content","no_content",""],["factual","title",""],["no_content","no_content",""],["no_content","no_content",""],["creative","image",""],["factual","title",""],["factual","pub_info",""],["creative","pref_text","foreword"],["no_content","no_content",""],["creative","pref_text","acknowledgment"],["no_content","no_content",""],["no_content","no_content",""],["creative","image",""],["factual","appendix",""],["no_content","no_content",""]]
uc1.$b692389	[["factual","cover",""],["no_content","no_content","bookplate"],["no_content","no_content",""],["no_content","no_content",""],["factual","title",""],["factual","pub_info",""],["factual","title",""],["no_content","no_content",""],["creative","pref_text","foreword"],["creative","pref_text","foreword"],["factual","list",""],["factual","appendix",""],["creative","main_text",""],["creative","main_text",""],["creative","main_text",""],["creative","main_text",""],["creative","main_text",""],["creative","main_text",""],["creative","main_text",""],["creative","main_text",""]]
uc1.$b782844	[["factual","cover",""],["no_content","no_content","stamp"],["no_content","no_content",""],["no_content","no_content",""],["no_content","no_content",""],["no_content","no_content",""],["factual","title",""],["factual","pub_info",""],["factual","list",""],["factual","list",""],["creative","epigraph","Goethe 1806 - public domain"],["no_content","no_content",""],["creative","pref_text","foreword"],["creative","pref_text",""],["creative","pref_text","foreword"],["creative","pref_text","foreword"],["creative","pref_text","foreword"],["creative","pref_text","foreword"],["creative","main_text",""],["creative","main_text",""]]
uc1.$b92374	[["no_content","no_content","barcode"],["no_content","no_content",""],["no_content","no_content",""],["no_content","no_content",""],["factual","title",""],["no_content","no_content",""],["factual","title",""],["mixed","pub_info","about the author"],["factual","dedication",""],["no_content","no_content",""],["factual","list",""],["factual","list",""],["creative","pref_text","preface"],["creative","pref_text","preface"],["creative","pref_text","preface"],["creative","pref_text","preface"],["creative","main_text",""],["creative","main_text",""],["creative","main_text",""],["creative","main_text",""]]
uc1.31158011536439	[["no_content","no_content",""],["no_content","no_content",""],["creative","cover","Cover art"],["no_content","no_content",""],["creative","pref_text",""],["no_content","no_content",""],["factual","list",""],["creative","main_text",""],["creative","main_text",""],["creative","main_text",""],["creative","main_text",""],["creative","main_text",""],["creative","main_text",""],["creative","main_text",""],["creative","main_text",""],["creative","main_text",""],["creative","main_text",""],["creative","main_text",""],["creative","main_text",""],["creative","main_text",""]]
uc1.31822003619731	[["no_content","no_content","Page not available"],["no_content","no_content","scan bed"],["no_content","no_content","barcode"],["no_content","no_content","library stamp"],["no_content","no_content","barcode"],["no_content","no_content",""],["factual","title",""],["factual","pub_info",""],["factual","title",""],["no_content","no_content",""],["factual","list",""],["factual","list",""],["factual","list",""],["factual","list",""],["factual","title",""],["creative","main_text",""],["creative","main_text",""],["creative","main_text",""],["creative","main_text",""],["creative","main_text",""]]
uc1.31822009180969	[["no_content","no_content","library barcode"],["no_content","no_content","endpaper"],["no_content","no_content","UCSD endpaper and barcode"],["no_content","no_content",""],["no_content","no_content",""],["no_content","no_content",""],["factual","title",""],["no_content","no_content",""],["factual","title",""],["factual","pub_info",""],["creative","pref_text",""],["creative","pref_text",""],["creative","pref_text",""],["factual","ad",""],["factual","appendix",""],["factual","appendix",""],["creative","pref_text",""],["creative","pref_text",""],["factual","list",""],["factual","list",""]]
uc1.31822009672163	[["no_content","no_content","barcode"],["no_content","no_content","stamp"],["no_content","no_content","barcode"],["no_content","no_content",""],["no_content","no_content",""],["no_content","no_content",""],["factual","title",""],["factual","pub_info",""],["factual","list",""],["factual","list",""],["factual","appendix",""],["factual","list",""],["factual","list",""],["factual","list",""],["factual","list",""],["factual","list",""],["factual","list",""],["factual","list",""],["factual","list",""],["no_content","no_content",""]]
uc1.31822010436889	[["factual","cover",""],["no_content","no_content",""],["no_content","no_content",""],["no_content","no_content",""],["factual","title",""],["no_content","no_content",""],["factual","title",""],["factual","pub_info",""],["factual","dedication",""],["factual","list",""],["factual","list",""],["creative","pref_text","introduction"],["creative","pref_text","introduction"],["no_content","no_content",""],["creative","main_text",""],["factual","main_text","statistics"],["creative","main_text",""],["creative","main_text",""],["creative","main_text",""],["no_content","no_content",""]]
uc1.31822020423364	[["no_content","no_content","barcode"],["no_content","no_content","scanner bed"],["no_content","no_content","barcode"],["no_content","no_content","stamp"],["no_content","no_content","barcode"],["no_content","no_content",""],["no_content","no_content",""],["no_content","no_content",""],["factual","title",""],["no_content","no_content","handwritten cutter"],["mixed","pub_info","also starts editorial content"],["creative","main_text",""],["creative","main_text",""],["creative","main_text",""],["creative","main_text",""],["creative","main_text",""],["creative","main_text",""],["creative","main_text",""],["creative","main_text",""],["creative","main_text",""]]
uc1.31822025979329	[["mixed","cover","artwork on cover"],["creative","image",""],["creative","image",""],["no_content","no_content",""],["factual","title",""],["factual","pub_info",""],["creative","pref_text","to the reader"],["creative","main_text",""],["creative","image",""],["creative","main_text",""],["creative","main_text",""],["creative","main_text",""],["creative","image",""],["creative","main_text",""],["creative","main_text",""],["creative","image",""],["creative","image",""],["creative","main_text",""],["creative","main_text",""],["creative","main_text",""]]
uc1.32106001877031	[["no_content","no_content","barcode"],["no_content","no_content","stamp"],["no_content","no_content","cutter"],["no_content","no_content",""],["factual","title",""],["factual","pub_info",""],["factual","title",""],["creative","pref_text","preface"],["factual","list",""],["factual","list",""],["factual","list",""],["factual","list",""],["factual","list",""],["factual","list",""],["factual","list",""],["factual","list",""],["factual","list",""],["factual","list",""],["factual","list",""],["no_content","no_content",""]]
uc1.32106006619776	[["no_content","no_content",""],["no_content","no_content",""],["no_content","no_content",""],["no_content","no_content",""],["factual","title",""],["factual","ad",""],["factual","title",""],["factual","pub_info",""],["factual","title",""],["no_content","no_content",""],["creative","main_text",""],["creative","main_text",""],["creative","main_text",""],["creative","main_text",""],["creative","main_text",""],["creative","main_text",""],["creative","main_text",""],["creative","main_text",""],["creative","main_text",""],["creative","main_text",""]]
uc1.b2723081	[["no_content","no_content","barcode"],["no_content","no_content","stamp"],["no_content","no_content",""],["no_content","no_content",""],["no_content","no_content",""],["no_content","no_content",""],["factual","title",""],["creative","pref_text",""],["creative","pref_text","foreword"],["creative","pref_text","foreword"],["creative","pref_text","foreword"],["no_content","no_content",""],["factual","list",""],["no_content","no_content",""],["creative","main_text",""],["creative","main_text",""],["creative","main_text",""],["creative","main_text",""],["creative","main_text",""],["creative","main_text",""]]
uc1.b2826007	[["no_content","no_content","barcode"],["no_content","no_content","binding"],["no_content","no_content",""],["no_content","no_content",""],["factual","cover",""],["no_content","no_content",""],["factual","title",""],["factual","pub_info",""],["creative","epigraph","and dedication, handwritten cutter"],["factual","list",""],["creative","poem",""],["creative","poem",""],["creative","poem",""],["creative","poem",""],["creative","poem",""],["creative","poem",""],["creative","poem",""],["creative","poem",""],["creative","poem",""],["creative","poem",""]]
uc1.b2928160	[["factual","cover",""],["no_content","no_content","stamp"],["no_content","no_content",""],["no_content","no_content",""],["factual","title",""],["factual","pub_info",""],["factual","title",""],["factual","pub_info",""],["creative","pref_text","foreword"],["creative","pref_text","foreword"],["factual","list",""],["factual","list",""],["factual","list",""],["no_content","no_content",""],["creative","main_text",""],["creative","main_text",""],["creative","main_text",""],["creative","main_text",""],["creative","main_text",""],["creative","main_text",""]]
uc1.b2941493	[["no_content","no_content","barcode"],["no_content","no_content","stamp"],["no_content","no_content","fingers"],["no_content","no_content",""],["no_content","no_content",""],["no_content","no_content",""],["factual","appendix",""],["no_content","no_content",""],["factual","cover",""],["no_content","no_content",""],["factual","title",""],["no_content","no_content","handwritten cutter"],["factual","appendix",""],["no_content","no_content",""],["creative","pref_text","preface"],["no_content","no_content",""],["factual","list",""],["factual","list",""],["creative","main_text",""],["creative","main_text",""]]
uc1.b3092461	[["no_content","no_content","barcode"],["no_content","no_content","stamp"],["no_content","no_content",""],["no_content","no_content",""],["no_content","no_content",""],["no_content","no_content",""],["factual","title",""],["factual","title",""],["factual","ad",""],["creative","ad",""],["factual","title",""],["factual","title",""],["factual","list",""],["factual","list",""],["creative","pref_text","editorial note"],["factual","appendix",""],["creative","main_text",""],["creative","main_text",""],["creative","main_text",""],["creative","main_text",""]]
uc1.b3185400	[["no_content","no_content","barcode"],["no_content","no_content",""],["no_content","no_content",""],["no_content","no_content",""],["no_content","no_content",""],["no_content","no_content",""],["no_content","no_content",""],["no_content","no_content",""],["no_content","no_content",""],["no_content","no_content",""],["no_content","no_content",""],["no_content","no_content",""],["factual","title",""],["no_content","no_content",""],["factual","title",""],["factual","pub_info",""],["creative","image",""],["no_content","no_content",""],["creative","pref_text","foreword"],["creative","pref_text","foreword"]]
uc1.b3336409	[["factual","cover",""],["no_content","no_content","bookplate"],["no_content","no_content",""],["no_content","no_content",""],["factual","title",""],["no_content","no_content",""],["factual","list",""],["factual","list",""],["factual","list",""],["no_content","no_content",""],["no_content","no_content",""],["no_content","no_content",""],["creative","image",""],["no_content","no_content",""],["factual","list",""],["creative","image",""],["creative","main_text",""],["creative","main_text",""],["creative","main_text",""],["creative","main_text",""]]
uc1.b3363605	[["factual","cover",""],["no_content","no_content","stamp"],["no_content","no_content",""],["no_content","no_content",""],["factual","title",""],["factual","pub_info",""],["creative","main_text",""],["creative","main_text",""],["factual","title",""],["no_content","no_content",""],["creative","main_text",""],["creative","main_text",""],["creative","main_text",""],["creative","main_text",""],["creative","main_text",""],["creative","main_text",""],["creative","main_text",""],["creative","pref_text",""],["creative","pref_text",""],["creative","pref_text",""]]
uc1.b3386878	[["no_content","no_content","library binding"],["no_content","no_content","library endpaper"],["no_content","no_content","library endpaper"],["no_content","no_content",""],["no_content","no_content",""],["no_content","no_content",""],["factual","cover",""],["no_content","no_content",""],["factual","title",""],["no_content","no_content",""],["factual","title",""],["no_content","no_content",""],["creative","pref_text","foreword"],["creative","pref_text","foreword"],["creative","pref_text","foreword"],["no_content","no_content",""],["creative","main_text",""],["creative","main_text",""],["creative","main_text",""],["creative","main_text",""]]
uc1.b3586129	[["mixed","cover","cover design"],["no_content","no_content",""],["no_content","no_content",""],["no_content","no_content",""],["factual","title",""],["factual","title",""],["factual","title",""],["factual","pub_info",""],["factual","dedication",""],["no_content","no_content",""],["creative","main_text",""],["creative","main_text",""],["creative","main_text",""],["creative","main_text",""],["creative","main_text",""],["creative","main_text",""],["creative","main_text",""],["creative","main_text",""],["creative","main_text",""],["creative","main_text",""]]
uc1.b3594210	[["no_content","no_content","page not available"],["no_content","no_content",""],["no_content","no_content",""],["no_content","no_content",""],["no_content","no_content",""],["no_content","no_content",""],["factual","list","Also title cover"],["factual","pub_info",""],["factual","title",""],["no_content","no_content",""],["factual","title",""],["factual","pub_info",""],["creative","main_text",""],["creative","main_text",""],["creative","main_text",""],["creative","main_text",""],["creative","main_text",""],["creative","main_text",""],["creative","main_text",""],["creative","main_text",""]]
uc1.b3673056	[["no_content","no_content","binding"],["no_content","no_content","stamp"],["no_content","no_content","binding"],["no_content","no_content","binding"],["no_content","no_content",""],["no_content","no_content",""],["factual","cover",""],["creative","ad",""],["factual","list",""],["no_content","no_content",""],["creative","image",""],["no_content","no_content",""],["creative","image",""],["factual","ad",""],["creative","main_text",""],["creative","main_text",""],["creative","main_text",""],["factual","main_text","data table"],["factual","appendix",""],["factual","appendix",""]]
uc1.b3700270	[["no_content","no_content","page not available"],["no_content","no_content",""],["no_content","no_content",""],["no_content","no_content",""],["factual","title",""],["factual","pub_info",""],["factual","list",""],["creative","pref_text","statement of anti-racism"],["creative","pref_text","editorial"],["creative","pref_text","editorial"],["creative","pref_text","editorial"],["creative","pref_text","editorial"],["creative","main_text",""],["creative","main_text",""],["creative","main_text",""],["creative","main_text",""],["creative","main_text",""],["creative","main_text",""],["creative","main_text",""],["creative","main_text",""]]
uc1.b3730674	[["mixed","cover","cover art"],["no_content","no_content",""],["no_content","no_content",""],["no_content","no_content",""],["factual","title",""],["factual","pub_info",""],["factual","title",""],["factual","pub_info",""],["creative","main_text",""],["creative","main_text",""],["creative","main_text",""],["creative","main_text",""],["creative","main_text",""],["creative","main_text",""],["creative","main_text",""],["creative","main_text",""],["creative","main_text",""],["creative","main_text",""],["creative","main_text",""],["creative","main_text",""]]
uc1.b4365449	[["no_content","no_content","page not available"],["no_content","no_content",""],["no_content","no_content",""],["no_content","no_content",""],["no_content","no_content",""],["no_content","no_content",""],["factual","title",""],["no_content","no_content",""],["factual","title",""],["factual","pub_info",""],["factual","list",""],["no_content","no_content",""],["factual","dedication",""],["no_content","no_content",""],["creative","image",""],["no_content","no_content",""],["factual","title",""],["no_content","no_content",""],["creative","main_text",""],["creative","main_text",""]]
uc1.b5134453	[["no_content","no_content","barcode"],["no_content","no_content",""],["no_content","no_content",""],["no_content","no_content",""],["factual","cover","title"],["factual","pub_info",""],["creative","main_text",""],["creative","main_text",""],["creative","main_text",""],["creative","main_text",""],["creative","main_text",""],["creative","main_text",""],["creative","main_text",""],["creative","main_text",""],["creative","main_text",""],["creative","main_text",""],["creative","main_text",""],["creative","main_text",""],["creative","main_text",""],["creative","main_text",""]]
uc1.c2989934	[["no_content","no_content","barcode"],["no_content","no_content",""],["factual","cover",""],["no_content","no_content",""],["creative","pref_text","foreword"],["no_content","no_content",""],["factual","list",""],["no_content","no_content",""],["factual","list",""],["no_content","no_content",""],["factual","appendix",""],["no_content","no_content",""],["factual","main_text",""],["factual","main_text",""],["factual","main_text",""],["factual","main_text",""],["factual","main_text",""],["factual","main_text",""],["factual","main_text",""],["factual","main_text",""]]
uc1.l0064487499	[["no_content","no_content","binding"],["no_content","no_content",""],["no_content","no_content",""],["no_content","no_content",""],["no_content","no_content",""],["no_content","no_content",""],["mixed","cover","cover art"],["creative","ad",""],["factual","pub_info",""],["factual","list",""],["creative","main_text",""],["creative","main_text",""],["factual","title",""],["no_content","no_content",""],["creative","main_text",""],["creative","image",""],["creative","main_text",""],["creative","image",""],["creative","image",""],["creative","image",""]]
uiug.30112025675866	[["no_content","no_content",""],["no_content","no_content",""],["no_content","no_content",""],["no_content","no_content",""],["factual","cover",""],["factual","pub_info",""],["factual","appendix",""],["creative","pref_text",""],["creative","pref_text",""],["no_content","no_content",""],["creative","main_text",""],["creative","main_text",""],["factual","main_text","data table"],["factual","main_text","data table"],["factual","main_text","data table"],["creative","main_text",""],["factual","main_text","data table"],["factual","main_text","data table"],["mixed","main_text","data table with a little narrative"],["creative","main_text",""]]
uiug.30112069009519	[["no_content","no_content",""],["no_content","no_content","stamp"],["no_content","no_content","due date slip"],["no_content","no_content",""],["no_content","no_content",""],["no_content","no_content",""],["factual","cover",""],["no_content","no_content",""],["factual","title",""],["factual","pub_info",""],["creative","pref_text","foreword"],["no_content","no_content",""],["creative","pref_text","acknowledgments"],["creative","pref_text","acknowledgments"],["factual","list",""],["no_content","no_content",""],["creative","pref_text","introduction"],["creative","pref_text","introduction"],["creative","pref_text","introduction"],["creative","pref_text","introduction"]]
uiug.30112106788414	[["factual","cover",""],["no_content","no_content","bookplate"],["no_content","no_content","due date slip"],["no_content","no_content",""],["no_content","no_content",""],["no_content","no_content",""],["factual","title",""],["no_content","no_content",""],["factual","title",""],["creative","pref_text","acknowledgement"],["factual","list",""],["no_content","no_content",""],["creative","main_text",""],["creative","main_text",""],["creative","main_text",""],["creative","main_text",""],["factual","list",""],["factual","list",""],["factual","list",""],["factual","list",""]]
umn.319510006422813	[["no_content","no_content","binding"],["no_content","no_content","bookplate"],["no_content","no_content",""],["no_content","no_content",""],["no_content","no_content",""],["no_content","no_content",""],["factual","cover",""],["no_content","no_content",""],["factual","title",""],["factual","pub_info",""],["creative","pref_text","preface"],["no_content","no_content",""],["factual","list",""],["factual","list",""],["creative","pref_text","abstract"],["creative","pref_text","abstract"],["creative","main_text",""],["creative","main_text",""],["creative","main_text",""],["creative","image","map"]]
umn.319510012185429	[["factual","title",""],["no_content","no_content","library stamp"],["factual","list",""],["no_content","no_content",""],["creative","pref_text","foreword"],["no_content","no_content",""],["creative","main_text",""],["no_content","no_content",""],["creative","main_text",""],["no_content","no_content",""],["creative","main_text",""],["no_content","no_content",""],["creative","main_text",""],["no_content","no_content",""],["creative","main_text",""],["no_content","no_content",""],["creative","main_text",""],["no_content","no_content",""],["creative","main_text",""],["no_content","no_content",""]]
umn.31951d010311165	[["no_content","no_content","binding"],["no_content","no_content","bookplate"],["no_content","no_content",""],["no_content","no_content",""],["no_content","no_content",""],["no_content","no_content",""],["factual","pub_info",""],["no_content","no_content",""],["factual","title",""],["no_content","no_content",""],["factual","pub_info",""],["no_content","no_content",""],["factual","list",""],["no_content","no_content",""],["factual","list",""],["no_content","no_content",""],["creative","main_text","prologue"],["no_content","no_content",""],["creative","main_text","prologue"],["no_content","no_content",""]]
umn.31951d01980645y	[["factual","cover",""],["no_content","no_content","stamp"],["factual","title",""],["factual","pub_info",""],["creative","pref_text",""],["factual","pref_text","table"],["factual","main_text","table"],["factual","main_text","bibliography"],["creative","main_text",""],["factual","main_text","table"],["factual","main_text","citations"],["factual","main_text","bibliography"],["creative","main_text",""],["factual","main_text","table"],["factual","main_text","bibliography"],["factual","main_text","bibliography"],["creative","main_text",""],["factual","main_text","data table"],["creative","main_text",""],["factual","main_text","data table"]]
umn.31951p00438770g	[["mixed","cover","cover art"],["factual","pub_info",""],["factual","title",""],["creative","pref_text","acknowledgements"],["creative","pref_text","letter from the director"],["no_content","no_content",""],["factual","list",""],["factual","list",""],["creative","pref_text","abstract"],["no_content","no_content",""],["creative","pref_text","introduction"],["creative","pref_text","introduction"],["creative","main_text",""],["creative","main_text",""],["creative","main_text",""],["creative","main_text",""],["creative","main_text",""],["creative","main_text",""],["creative","main_text",""],["creative","main_text",""]]
umn.31951p00651818n	[["no_content","no_content","library binding"],["no_content","no_content","library stamp"],["no_content","no_content",""],["no_content","no_content",""],["factual","cover",""],["no_content","no_content",""],["factual","title",""],["factual","pub_info",""],["creative","pref_text","preface"],["no_content","no_content",""],["factual","list",""],["factual","list",""],["factual","list",""],["factual","list",""],["factual","list",""],["factual","list",""],["factual","list",""],["factual","list",""],["creative","main_text",""],["creative","main_text",""]]
uva.x000365220	[["factual","cover",""],["no_content","no_content",""],["no_content","no_content",""],["no_content","no_content",""],["factual","title",""],["factual","ad",""],["factual","title",""],["factual","pub_info",""],["factual","dedication",""],["no_content","no_content",""],["creative","pref_text","author's note"],["creative","pref_text","author's note"],["creative","pref_text","author's note"],["no_content","no_content",""],["factual","list",""],["factual","list",""],["factual","list",""],["factual","list",""],["factual","title",""],["factual","pref_text",""]]
uva.x001227714	[["no_content","no_content","binding, barcode"],["no_content","no_content","stamp"],["no_content","no_content",""],["no_content","no_content",""],["factual","title",""],["no_content","no_content",""],["factual","title",""],["no_content","no_content",""],["factual","title",""],["factual","pub_info",""],["factual","list",""],["factual","list",""],["creative","pref_text","foreword"],["creative","pref_text","editors foreword"],["creative","pref_text","editors foreword"],["no_content","no_content",""],["creative","main_text",""],["creative","main_text",""],["creative","main_text",""],["creative","main_text",""]]
uva.x001433125	[["no_content","no_content","barcode, cutter"],["no_content","no_content",""],["factual","title",""],["no_content","no_content",""],["no_content","no_content",""],["no_content","no_content",""],["factual","title",""],["no_content","no_content",""],["factual","title",""],["factual","pub_info",""],["factual","dedication",""],["no_content","no_content",""],["creative","pref_text","introduction"],["creative","pref_text","introduction"],["creative","pref_text","introduction"],["creative","pref_text","introduction"],["creative","main_text",""],["creative","main_text",""],["creative","main_text",""],["creative","main_text",""]]
uva.x001958980	[["no_content","no_content","library binding and barcode"],["no_content","no_content","library stamp"],["no_content","no_content",""],["no_content","no_content",""],["factual","cover","obscured by book binding slip"],["no_content","no_content",""],["mixed","cover","photo used as cover background"],["creative","pref_text",""],["no_content","no_content",""],["no_content","no_content",""],["factual","title",""],["factual","ad",""],["factual","title",""],["factual","pub_info",""],["factual","dedication",""],["no_content","no_content",""],["creative","pref_text","prologue"],["creative","pref_text","prologue"],["creative","pref_text","introduction"],["creative","pref_text","introduction"]]
uva.x004854575	[["mixed","cover","cover art public domain painting"],["factual","appendix",""],["factual","appendix",""],["factual","ad",""],["factual","ad",""],["creative","image",""],["creative","image",""],["creative","main_text",""],["creative","image",""],["creative","main_text",""],["creative","image",""],["creative","main_text",""],["creative","image",""],["creative","main_text",""],["creative","image",""],["creative","image",""],["creative","image",""],["creative","image",""],["creative","image",""],["creative","image",""]]
uva.x004874741	[["factual","cover",""],["no_content","no_content","stamp"],["no_content","no_content",""],["no_content","no_content",""],["no_content","no_content",""],["no_content","no_content",""],["factual","title",""],["factual","pub_info",""],["creative","pref_text","acknowledgments"],["factual","title",""],["factual","list",""],["creative","image",""],["creative","main_text",""],["creative","main_text",""],["creative","image",""],["creative","image",""],["creative","main_text",""],["creative","main_text",""],["creative","image",""],["creative","main_text",""]]
uva.x004955720	[["factual","cover",""],["no_content","no_content",""],["factual","title",""],["factual","pub_info",""],["factual","list",""],["creative","image",""],["creative","main_text",""],["creative","main_text",""],["creative","main_text",""],["creative","main_text",""],["creative","main_text",""],["creative","main_text",""],["creative","main_text",""],["creative","main_text",""],["creative","main_text",""],["creative","main_text",""],["creative","main_text",""],["creative","main_text",""],["creative","main_text",""],["creative","main_text",""]]
uva.x006091424	[["factual","cover",""],["no_content","no_content",""],["factual","title",""],["creative","pref_text",""],["creative","image",""],["creative","image",""],["creative","image",""],["factual","appendix",""],["factual","appendix",""],["factual","appendix",""],["no_content","no_content",""],["no_content","no_content",""],["no_content","no_content",""],["no_content","no_content",""],["no_content","no_content",""],["no_content","no_content",""],["no_content","no_content",""],["no_content","no_content",""],["no_content","no_content",""],["no_content","no_content",""]]
uva.x006161304	[["no_content","no_content","cutter, barcode"],["no_content","no_content",""],["factual","title",""],["factual","pub_info",""],["creative","pref_text","introduction"],["creative","image","public domain"],["creative","pref_text","preface"],["no_content","no_content",""],["creative","main_text",""],["creative","main_text",""],["creative","main_text",""],["creative","main_text",""],["creative","main_text",""],["creative","main_text",""],["creative","main_text",""],["creative","main_text",""],["creative","main_text",""],["creative","main_text",""],["creative","main_text",""],["creative","main_text",""]]
uva.x030696658	[["factual","ad",""],["factual","ad",""],["factual","ad",""],["factual","ad",""],["factual","ad",""],["factual","pub_info",""],["creative","pref_text","inroduction"],["creative","pref_text","introduction"],["factual","ad",""],["factual","appendix",""],["factual","appendix",""],["creative","ad",""],["creative","main_text",""],["creative","main_text",""],["creative","main_text",""],["creative","main_text",""],["creative","main_text",""],["creative","main_text",""],["creative","main_text",""],["creative","main_text",""]]
uva.x030743428	[["no_content","no_content","binding"],["no_content","no_content","stamp"],["no_content","no_content",""],["no_content","no_content",""],["factual","cover",""],["factual","appendix",""],["factual","title",""],["factual","appendix",""],["creative","pref_text","preface"],["factual","title",""],["factual","list",""],["creative","image","map"],["creative","main_text",""],["creative","main_text",""],["creative","main_text",""],["creative","main_text",""],["creative","main_text",""],["creative","main_text",""],["creative","image","map"],["creative","image","map"]]
wu.89008439911	[["factual","cover",""],["no_content","no_content","library stamp"],["no_content","no_content",""],["no_content","no_content",""],["factual","title",""],["no_content","no_content",""],["no_content","no_content",""],["creative","image",""],["factual","title",""],["factual","pub_info",""],["creative","dedication",""],["no_content","no_content",""],["factual","list",""],["no_content","no_content",""],["creative","pref_text","preface"],["creative","pref_text","preface"],["creative","main_text",""],["creative","main_text",""],["creative","main_text",""],["creative","main_text",""]]
wu.89038844619	[["factual","cover",""],["no_content","no_content","stamp"],["no_content","no_content",""],["no_content","no_content",""],["factual","title",""],["no_content","no_content",""],["factual","title",""],["factual","pub_info",""],["factual","list",""],["no_content","no_content",""],["creative","pref_text","foreword"],["no_content","no_content",""],["creative","pref_text","introduction"],["creative","main_text",""],["creative","main_text",""],["creative","main_text",""],["creative","main_text",""],["creative","main_text",""],["creative","main_text",""],["creative","main_text",""]]
wu.89045655842	[["no_content","no_content","cutter"],["no_content","no_content","stamp"],["factual","cover",""],["factual","pub_info",""],["creative","main_text",""],["creative","main_text",""],["creative","main_text",""],["creative","main_text",""],["creative","main_text",""],["creative","main_text",""],["creative","main_text",""],["creative","main_text",""],["creative","main_text",""],["creative","main_text",""],["creative","main_text",""],["creative","main_text",""],["creative","main_text",""],["creative","main_text",""],["creative","main_text",""],["creative","main_text",""]]
wu.89050938711	[["factual","cover",""],["no_content","no_content","binding"],["no_content","no_content","binding"],["no_content","no_content",""],["factual","pub_info",""],["no_content","no_content",""],["mixed","title",""],["factual","pub_info",""],["creative","main_text",""],["creative","main_text",""],["creative","main_text",""],["creative","main_text",""],["creative","main_text",""],["creative","main_text",""],["creative","main_text",""],["creative","main_text",""],["creative","poem",""],["creative","poem",""],["creative","main_text",""],["creative","poem",""]]
wu.89056020399	[["no_content","no_content","binding"],["no_content","no_content","stamp"],["no_content","no_content",""],["no_content","no_content",""],["factual","pub_info",""],["no_content","no_content",""],["factual","pub_info",""],["no_content","no_content",""],["factual","title",""],["no_content","no_content","stamp"],["factual","list",""],["no_content","no_content",""],["creative","pref_text","introduction"],["no_content","no_content",""],["creative","pref_text","introduction"],["no_content","no_content",""],["creative","main_text",""],["no_content","no_content",""],["creative","main_text",""],["no_content","no_content",""]]
wu.89056203599	[["no_content","no_content","binding"],["no_content","no_content","bookplate"],["no_content","no_content",""],["no_content","no_content",""],["no_content","no_content",""],["no_content","no_content",""],["no_content","no_content",""],["no_content","no_content",""],["factual","title",""],["no_content","no_content",""],["factual","title",""],["factual","pub_info",""],["factual","title",""],["no_content","no_content",""],["factual","appendix",""],["no_content","no_content",""],["creative","pref_text",""],["no_content","no_content",""],["factual","title",""],["no_content","no_content",""]]
wu.89062361365	[["mixed","cover","cover art"],["no_content","no_content","stamp"],["no_content","no_content",""],["no_content","no_content",""],["factual","title",""],["factual","pub_info",""],["factual","title",""],["no_content","no_content",""],["factual","dedication",""],["no_content","no_content",""],["creative","pref_text","preface"],["no_content","no_content",""],["creative","pref_text","introduction"],["creative","pref_text","introduction"],["creative","pref_text","introduction"],["creative","pref_text","introduction"],["creative","pref_text","introduction"],["no_content","no_content",""],["factual","title",""],["no_content","no_content",""]]
wu.89083681072	[["no_content","no_content","binding"],["no_content","no_content","stamp"],["no_content","no_content",""],["no_content","no_content",""],["factual","title",""],["no_content","no_content",""],["creative","main_text",""],["no_content","no_content",""],["creative","main_text",""],["no_content","no_content",""],["creative","main_text",""],["no_content","no_content",""],["creative","main_text",""],["no_content","no_content",""],["creative","main_text",""],["no_content","no_content",""],["creative","main_text",""],["no_content","no_content",""],["creative","main_text",""],["no_content","no_content",""]]
wu.89098583057	[["no_content","no_content",""],["no_content","no_content","stamp"],["no_content","no_content",""],["no_content","no_content",""],["no_content","no_content",""],["no_content","no_content",""],["factual","pub_info",""],["no_content","no_content",""],["factual","title",""],["no_content","no_content",""],["factual","title",""],["no_content","no_content","stamp"],["factual","pub_info",""],["no_content","no_content",""],["creative","pref_text","acknowledgement"],["no_content","no_content",""],["creative","pref_text","acknowledgement"],["no_content","no_content",""],["factual","appendix",""],["no_content","no_content",""]]
coo.31924003817073	[["no_content","no_content","cutter"],["no_content","no_content","bookplate"],["mixed","cover","cover photo"],["creative","image",""],["no_content","no_content","due date slip, bookplate, barcode"],["no_content","no_content",""],["factual","title",""],["factual","pub_info",""],["factual","list",""],["creative","pref_text","preface"],["creative","main_text",""],["creative","main_text",""],["creative","main_text",""],["creative","main_text",""],["creative","main_text",""],["creative","main_text",""],["creative","main_text",""],["creative","main_text",""],["creative","main_text",""],["creative","main_text",""]]
coo.31924054040146	[["no_content","no_content","cutter, barcode"],["no_content","no_content","bookplate"],["no_content","no_content","stamp"],["no_content","no_content",""],["no_content","no_content",""],["no_content","no_content",""],["factual","title",""],["no_content","no_content",""],["factual","pub_info",""],["no_content","no_content",""],["factual","list",""],["no_content","no_content",""],["creative","pref_text","preface"],["no_content","no_content",""],["creative","main_text",""],["creative","main_text",""],["creative","main_text",""],["creative","main_text",""],["creative","main_text",""],["creative","main_text",""]]
coo.31924054191113	[["no_content","no_content","barcode"],["no_content","no_content","bookplate"],["no_content","no_content",""],["no_content","no_content",""],["no_content","no_content",""],["no_content","no_content",""],["factual","title",""],["no_content","no_content",""],["creative","main_text",""],["creative","main_text",""],["creative","main_text",""],["creative","main_text",""],["creative","main_text",""],["creative","main_text",""],["creative","main_text",""],["creative","main_text",""],["creative","main_text",""],["creative","main_text",""],["creative","main_text",""],["no_content","no_content",""]]
coo.31924060930298	[["no_content","no_content","binding"],["no_content","no_content","bookplate"],["no_content","no_content","due date slip"],["no_content","no_content",""],["no_content","no_content",""],["no_content","no_content","cutter"],["mixed","cover","cover art"],["factual","list",""],["creative","main_text",""],["creative","main_text",""],["creative","main_text",""],["creative","main_text",""],["creative","main_text",""],["creative","main_text",""],["creative","main_text",""],["creative","main_text",""],["creative","main_text",""],["creative","main_text",""],["creative","main_text",""],["creative","main_text",""]]
coo.31924065115507	[["no_content","no_content","due date slip"],["no_content","no_content",""],["no_content","no_content",""],["no_content","no_content",""],["factual","cover",""],["factual","ad",""],["creative","main_text",""],["creative","main_text",""],["creative","main_text",""],["creative","main_text",""],["creative","main_text",""],["creative","main_text",""],["creative","main_text",""],["creative","main_text",""],["creative","main_text",""],["creative","main_text",""],["creative","main_text",""],["factual","appendix",""],["factual","appendix",""],["factual","appendix",""]]
coo.31924069521148	[["no_content","no_content","binding"],["no_content","no_content","bookplate"],["no_content","no_content","barcode, due date slip"],["no_content","no_content",""],["no_content","no_content",""],["no_content","no_content",""],["factual","title",""],["no_content","no_content",""],["no_content","no_content",""],["no_content","no_content",""],["factual","title",""],["no_content","no_content","cutter"],["creative","pref_text","preface"],["creative","pref_text","preface"],["creative","pref_text","preface"],["creative","pref_text","preface"],["factual","list",""],["factual","list",""],["factual","list",""],["no_content","no_content",""]]
coo.31924071780500	[["no_content","no_content","binding"],["no_content","no_content","stamp"],["no_content","no_content","due date slip, barcode"],["no_content","no_content",""],["no_content","no_content",""],["no_content","no_content",""],["no_content","no_content",""],["no_content","no_content",""],["factual","title",""],["no_content","no_content","cutter"],["creative","main_text",""],["creative","main_text",""],["factual","title",""],["no_content","no_content",""],["factual","main_text","data table"],["no_content","no_content",""],["factual","main_text","data table"],["factual","main_text","data table"],["factual","main_text","data table"],["factual","main_text","data table"]]
coo.31924074847017	[["no_content","no_content",""],["no_content","no_content","stamp"],["factual","title",""],["no_content","no_content",""],["factual","title",""],["no_content","no_content",""],["creative","main_text",""],["no_content","no_content",""],["creative","main_text",""],["no_content","no_content",""],["creative","main_text",""],["no_content","no_content",""],["creative","main_text",""],["no_content","no_content",""],["creative","main_text",""],["no_content","no_content",""],["creative","main_text",""],["no_content","no_content",""],["creative","main_text",""],["no_content","no_content",""]]
ien.35556008335218	[["no_content","no_content","binding"],["no_content","no_content","scan bed"],["no_content","no_content","binding"],["no_content","no_content","library stamp"],["no_content","no_content",""],["no_content","no_content",""],["no_content","no_content",""],["no_content","no_content",""],["factual","title",""],["no_content","no_content","cutter"],["factual","list",""],["no_content","no_content",""],["creative","pref_text","author's note"],["no_content","no_content",""],["creative","main_text",""],["creative","main_text",""],["creative","main_text",""],["creative","main_text",""],["creative","main_text",""],["creative","main_text",""]]
ien.35556020633558	[["no_content","no_content","cutter"],["no_content","no_content","bookplate"],["no_content","no_content",""],["no_content","no_content","bookplate"],["no_content","no_content","barcode"],["no_content","no_content",""],["mixed","cover","cover art"],["creative","ad",""],["creative","pref_text","letter from the president"],["creative","image",""],["factual","pub_info","and list of content"],["creative","ad",""],["creative","pref_text",""],["creative","pref_text",""],["creative","poem","complete lyrics to We are the World by Michael Jackson & Lionel Richie"],["creative","main_text",""],["creative","main_text",""],["creative","ad",""],["factual","pref_text","acknowledgments"],["creative","ad",""]]
ien.35556022340871	[["factual","cover",""],["no_content","no_content","cutter"],["no_content","no_content","barcode"],["no_content","no_content",""],["factual","title",""],["factual","pub_info",""],["factual","appendix",""],["no_content","no_content",""],["factual","list",""],["factual","list",""],["factual","list",""],["no_content","no_content",""],["creative","main_text",""],["creative","main_text",""],["creative","main_text",""],["creative","main_text",""],["creative","main_text",""],["creative","main_text",""],["creative","main_text",""],["creative","main_text",""]]
inu.30000027136930	[["mixed","cover","cover art"],["no_content","no_content",""],["factual","title",""],["creative","image",""],["factual","title",""],["no_content","no_content",""],["factual","title",""],["creative","image",""],["factual","title",""],["factual","pub_info",""],["creative","main_text",""],["creative","main_text",""],["creative","main_text",""],["creative","main_text",""],["creative","main_text",""],["creative","main_text",""],["creative","main_text",""],["creative","main_text",""],["creative","main_text",""],["creative","main_text",""]]
inu.30000039927656	[["mixed","cover","cover art"],["creative","image",""],["creative","ad",""],["creative","main_text",""],["creative","image",""],["creative","image",""],["creative","pref_text","preface"],["creative","image",""],["creative","image",""],["creative","image","map"],["creative","image","map"],["creative","poem","also images"],["creative","image",""],["creative","main_text",""],["creative","main_text",""],["creative","image","map"],["creative","main_text",""],["creative","main_text",""],["factual","main_text","data tables"],["factual","main_text","data tables"]]
inu.30000045595596	[["no_content","no_content","cutter"],["no_content","no_content",""],["factual","title",""],["no_content","no_content",""],["creative","pref_text","letter from chairman"],["no_content","no_content",""],["factual","list",""],["no_content","no_content",""],["creative","pref_text","introduction"],["creative","pref_text","introduction"],["creative","main_text",""],["creative","main_text",""],["creative","main_text",""],["creative","main_text",""],["creative","main_text",""],["creative","main_text",""],["creative","main_text",""],["creative","main_text",""],["creative","main_text",""],["creative","main_text",""]]
inu.30000091388219	[["no_content","no_content","page not available"],["no_content","no_content",""],["no_content","no_content",""],["no_content","no_content",""],["no_content","no_content",""],["no_content","no_content",""],["factual","title",""],["factual","pub_info",""],["factual","list",""],["factual","list",""],["factual","list",""],["factual","list",""],["factual","list",""],["factual","list",""],["factual","list",""],["factual","list",""],["factual","title",""],["factual","pub_info",""],["creative","main_text",""],["creative","main_text",""]]
inu.30000093648354	[["no_content","no_content","binding"],["no_content","no_content",""],["no_content","no_content",""],["no_content","no_content",""],["no_content","no_content",""],["no_content","no_content",""],["factual","title",""],["no_content","no_content",""],["factual","title",""],["no_content","no_content",""],["factual","ad",""],["factual","ad",""],["factual","ad",""],["no_content","no_content",""],["creative","main_text",""],["creative","main_text",""],["creative","main_text",""],["creative","main_text",""],["creative","main_text",""],["creative","main_text",""]]
inu.30000100592819	[["no_content","no_content","binding"],["no_content","no_content","page not available"],["no_content","no_content","page not available"],["no_content","no_content","page not available"],["no_content","no_content","page not available"],["no_content","no_content","scan bed"],["no_content","no_content","binding"],["no_content","no_content",""],["no_content","no_content",""],["no_content","no_content",""],["no_content","no_content",""],["no_content","no_content",""],["factual","title",""],["no_content","no_content",""],["factual","title",""],["factual","pub_info",""],["creative","pref_text","foreword"],["no_content","no_content",""],["no_content","no_content",""],["no_content","no_content",""]]
inu.30000116080197	[["mixed","cover","embossed images"],["no_content","no_content",""],["no_content","no_content",""],["no_content","no_content",""],["no_content","no_content",""],["no_content","no_content",""],["factual","title",""],["no_content","no_content",""],["factual","title",""],["no_content","no_content",""],["factual","title",""],["factual","pub_info",""],["factual","list",""],["factual","list",""],["factual","title",""],["creative","image","map"],["creative","pref_text","introduction"],["creative","pref_text","introduction"],["creative","pref_text","introduction"],["creative","pref_text","introduction"]]
inu.30000125144430	[["no_content","no_content","binding"],["no_content","no_content",""],["no_content","no_content",""],["no_content","no_content",""],["mixed","title","image"],["no_content","no_content",""],["mixed","title","image"],["factual","pub_info",""],["factual","list",""],["factual","list",""],["creative","image",""],["creative","image","Biography"],["creative","main_text",""],["creative","main_text",""],["creative","main_text",""],["creative","main_text",""],["creative","main_text",""],["creative","main_text",""],["creative","main_text",""],["creative","main_text",""]]
inu.39000004356445	[["no_content","no_content","binding"],["no_content","no_content",""],["no_content","no_content",""],["factual","title",""],["mixed","image","two page spread - tp, frontis"],["mixed","main_text","two page spread - pub info, main text"],["mixed","main_text","two page spread - pub info, main text"],["creative","main_text","two page spread"],["creative","main_text","two page spread"],["creative","main_text","two page spread"],["creative","main_text","two page spread"],["creative","main_text","two page spread"],["creative","main_text","two page spread"],["creative","main_text","two page spread"],["creative","main_text","two page spread"],["creative","main_text","two page spread"],["creative","main_text","two page spread"],["creative","main_text","two page spread"],["creative","pref_text","two page spread"],["creative","main_text","two page spread"]]
mdp.35112202814101	[["factual","cover",""],["no_content","no_content","stamp"],["no_content","no_content","cutter"],["no_content","no_content",""],["factual","title",""],["factual","pub_info",""],["factual","appendix",""],["no_content","no_content",""],["factual","appendix",""],["no_content","no_content",""],["factual","list",""],["factual","list",""],["factual","list",""],["factual","list",""],["factual","list",""],["factual","list",""],["factual","list",""],["factual","list",""],["factual","main_text",""],["factual","main_text",""]]
mdp.35112202835239	[["factual","title",""],["no_content","no_content","stamp"],["no_content","no_content",""],["no_content","no_content","stamp"],["no_content","no_content",""],["no_content","no_content",""],["factual","title",""],["factual","pub_info",""],["creative","pref_text","preface"],["factual","appendix",""],["factual","appendix",""],["no_content","no_content",""],["factual","appendix",""],["factual","appendix",""],["factual","appendix",""],["factual","appendix",""],["creative","ad",""],["creative","ad",""],["factual","list",""],["factual","list",""]]
mdp.35128001478252	[["no_content","no_content","binding"],["no_content","no_content","stamp"],["no_content","no_content",""],["no_content","no_content",""],["no_content","no_content",""],["no_content","no_content",""],["mixed","cover","cover art"],["creative","ad",""],["factual","list",""],["creative","main_text",""],["creative","main_text",""],["creative","main_text",""],["creative","ad",""],["creative","main_text",""],["creative","ad",""],["creative","main_text",""],["creative","main_text",""],["creative","ad",""],["creative","main_text",""],["creative","ad",""]]
mdp.39015005294916	[["no_content","no_content","binding"],["no_content","no_content","stamp"],["no_content","no_content",""],["no_content","no_content",""],["no_content","no_content",""],["no_content","no_content",""],["factual","title",""],["factual","pub_info",""],["factual","dedication",""],["no_content","no_content",""],["factual","title",""],["no_content","no_content",""],["creative","main_text",""],["creative","main_text",""],["creative","main_text",""],["creative","main_text",""],["creative","main_text",""],["creative","main_text",""],["creative","main_text",""],["creative","main_text",""]]
mdp.39015005504579	[["no_content","no_content","binding"],["no_content","no_content","stamp"],["no_content","no_content",""],["no_content","no_content",""],["no_content","no_content",""],["no_content","no_content",""],["factual","title",""],["factual","title",""],["factual","title",""],["factual","pub_info",""],["creative","pref_text","foreword"],["creative","pref_text","foreword"],["creative","pref_text","foreword"],["creative","pref_text","foreword"],["factual","list",""],["factual","list",""],["factual","list",""],["factual","list",""],["factual","list",""],["factual","list",""]]
mdp.39015006143880	[["no_content","no_content","binding"],["no_content","no_content","page not available"],["no_content","no_content","binding"],["no_content","no_content","stamp"],["no_content","no_content",""],["no_content","no_content",""],["no_content","no_content",""],["no_content","no_content",""],["no_content","no_content",""],["no_content","no_content",""],["factual","title",""],["no_content","no_content",""],["factual","title",""],["factual","pub_info",""],["factual","appendix",""],["factual","appendix",""],["factual","appendix",""],["no_content","no_content",""],["creative","pref_text","introduction"],["creative","pref_text","introduction"]]
mdp.39015007070504	[["no_content","no_content","binding"],["no_content","no_content","stamp"],["no_content","no_content",""],["no_content","no_content",""],["factual","title",""],["creative","pref_text",""],["creative","pref_text","about this book"],["factual","dedication",""],["factual","title",""],["factual","pub_info",""],["factual","list",""],["factual","list",""],["creative","pref_text","preface"],["no_content","no_content",""],["factual","title",""],["no_content","no_content",""],["creative","main_text",""],["creative","main_text",""],["creative","main_text",""],["creative","main_text",""]]
mdp.39015008551619	[["no_content","no_content","cutter"],["no_content","no_content","endpaper"],["no_content","no_content","endpaper"],["no_content","no_content",""],["no_content","no_content",""],["no_content","no_content",""],["factual","title",""],["factual","title",""],["factual","title",""],["factual","pub_info",""],["factual","list",""],["factual","list",""],["creative","main_text",""],["creative","main_text",""],["creative","main_text",""],["creative","main_text",""],["creative","main_text",""],["creative","main_text",""],["creative","main_text",""],["creative","main_text",""]]
mdp.39015011305912	[["factual","cover",""],["no_content","no_content","stamp"],["no_content","no_content",""],["no_content","no_content",""],["factual","title",""],["no_content","no_content",""],["factual","title",""],["factual","pub_info",""],["creative","pref_text","editor's foreword"],["creative","pref_text","editor's foreword"],["creative","pref_text","editor's foreword"],["creative","pref_text","editor's foreword"],["creative","pref_text","editor's foreword"],["creative","pref_text","editor's foreword"],["creative","pref_text","editor's foreword"],["creative","pref_text","editor's foreword"],["factual","list",""],["no_content","no_content",""],["factual","title",""],["no_content","no_content",""]]
mdp.39015016949375	[["no_content","no_content","binding"],["no_content","no_content","stamp"],["no_content","no_content",""],["no_content","no_content",""],["factual","pub_info",""],["creative","pref_text",""],["creative","image",""],["no_content","no_content",""],["factual","title",""],["factual","pub_info",""],["factual","title",""],["no_content","no_content",""],["creative","main_text",""],["creative","main_text",""],["creative","main_text",""],["creative","main_text",""],["creative","main_text",""],["creative","main_text",""],["creative","main_text",""],["creative","main_text",""]]
mdp.39015017009740	[["no_content","no_content","binding"],["no_content","no_content","stamp"],["no_content","no_content",""],["no_content","no_content",""],["factual","title",""],["no_content","no_content",""],["factual","title",""],["factual","pub_info",""],["creative","pref_text","publisher's note"],["creative","pref_text","publisher's note"],["factual","appendix",""],["factual","appendix",""],["factual","appendix",""],["factual","appendix",""],["factual","list",""],["factual","list",""],["factual","list",""],["no_content","no_content",""],["creative","main_text",""],["creative","main_text",""]]
mdp.39015018421670	[["no_content","no_content","cutter, handwritten title"],["no_content","no_content","stamp"],["factual","title",""],["no_content","no_content",""],["creative","main_text",""],["creative","main_text",""],["creative","main_text",""],["creative","main_text",""],["creative","main_text",""],["creative","main_text",""],["creative","main_text",""],["creative","main_text",""],["factual","main_text","data plot"],["factual","main_text","data tables"],["creative","main_text",""],["creative","main_text",""],["factual","main_text","data plot"],["factual","main_text","data plot"],["factual","main_text","data plot"],["creative","main_text",""]]
mdp.39015019281719	[["no_content","no_content","binding"],["no_content","no_content","stamp"],["no_content","no_content",""],["no_content","no_content",""],["no_content","no_content",""],["no_content","no_content",""],["no_content","no_content",""],["no_content","no_content",""],["factual","title",""],["factual","appendix",""],["factual","appendix",""],["factual","appendix",""],["factual","title",""],["factual","pub_info",""],["creative","main_text",""],["creative","main_text",""],["creative","main_text","equations"],["creative","main_text","equations"],["creative","main_text","equations"],["creative","main_text","equations"]]
mdp.39015026643877	[["factual","cover",""],["no_content","no_content","stamp"],["no_content","no_content",""],["no_content","no_content",""],["factual","title",""],["no_content","no_content",""],["creative","pref_text","note"],["no_content","no_content",""],["factual","list",""],["no_content","no_content",""],["creative","main_text",""],["creative","main_text",""],["creative","main_text",""],["creative","main_text",""],["creative","main_text",""],["creative","main_text",""],["creative","main_text",""],["creative","main_text",""],["creative","main_text",""],["creative","main_text",""]]
mdp.39015028042185	[["no_content","no_content","binding"],["no_content","no_content","bookplate"],["no_content","no_content","cutter"],["no_content","no_content",""],["no_content","no_content",""],["no_content","no_content",""],["factual","list",""],["factual","list",""],["factual","list",""],["factual","list",""],["factual","pub_info",""],["creative","ad",""],["creative","main_text",""],["creative","main_text",""],["creative","main_text",""],["creative","main_text",""],["creative","main_text",""],["creative","main_text",""],["creative","main_text",""],["creative","main_text",""]]
mdp.39015029750067	[["mixed","cover","cover art"],["no_content","no_content","stamp"],["no_content","no_content",""],["no_content","no_content",""],["creative","image",""],["no_content","no_content",""],["factual","title",""],["no_content","no_content","cutter"],["factual","list",""],["no_content","no_content",""],["creative","pref_text","author's note"],["no_content","no_content",""],["creative","pref_text","to the reader"],["no_content","no_content",""],["creative","image",""],["no_content","no_content",""],["creative","main_text",""],["creative","main_text",""],["creative","main_text",""],["creative","main_text",""]]
mdp.39015029918698	[["no_content","no_content","binding"],["no_content","no_content","stamp"],["no_content","no_content",""],["no_content","no_content",""],["no_content","no_content",""],["no_content","no_content",""],["no_content","no_content","library binding information"],["no_content","no_content","finger"],["mixed","cover","cover art"],["mixed","list","pub info, list of content, editorial"],["creative","main_text","text w/ image"],["creative","main_text",""],["creative","image","text w/ image"],["creative","image","text w/ image"],["creative","image","text w/ image"],["creative","image","text w/ image"],["creative","image","text w/ image"],["creative","image","text w/ image"],["creative","image","text w/ image"],["creative","image","text w/ image"]]
mdp.39015030407905	[["no_content","no_content","binding"],["no_content","no_content","endpaper"],["no_content","no_content","endpaper"],["no_content","no_content",""],["no_content","no_content",""],["no_content","no_content",""],["factual","title",""],["no_content","no_content",""],["factual","title",""],["factual","pub_info",""],["creative","main_text",""],["creative","main_text",""],["creative","main_text",""],["no_content","no_content",""],["factual","title",""],["no_content","no_content",""],["creative","main_text",""],["creative","main_text",""],["creative","main_text",""],["creative","main_text",""]]
mdp.39015032910468	[["mixed","cover","cover art"],["no_content","no_content","stamp"],["no_content","no_content",""],["no_content","no_content",""],["no_content","no_content",""],["no_content","no_content",""],["factual","title",""],["factual","pub_info",""],["factual","title",""],["factual","pub_info",""],["factual","list",""],["no_content","no_content",""],["creative","pref_text","author's note"],["no_content","no_content",""],["creative","pref_text","preface"],["creative","pref_text","preface"],["creative","pref_text","acknowledgments"],["no_content","no_content",""],["factual","appendix",""],["no_content","no_content",""]]
mdp.39015034128432	[["factual","cover",""],["no_content","no_content","stamp"],["no_content","no_content",""],["no_content","no_content",""],["factual","title",""],["no_content","no_content",""],["factual","title",""],["factual","pub_info",""],["factual","list",""],["factual","list",""],["factual","list",""],["factual","list",""],["factual","list",""],["factual","list",""],["creative","pref_text","Author's note"],["creative","pref_text","Author's note"],["creative","pref_text","Author's note"],["creative","pref_text","Author's note"],["creative","pref_text","Author's note"],["creative","pref_text","Author's note"]]
mdp.39015034923840	[["mixed","cover","cover art"],["factual","appendix",""],["factual","appendix",""],["no_content","no_content",""],["factual","title",""],["no_content","no_content",""],["factual","title",""],["factual","pub_info",""],["factual","dedication",""],["creative","pref_text",""],["creative","pref_text","preface"],["creative","pref_text","preface"],["creative","pref_text","acknowledgments"],["factual","appendix","contributors list"],["factual","appendix","manuscript reviewers"],["creative","pref_text","preface"],["creative","pref_text","note to the student"],["creative","pref_text","note to the student"],["factual","list",""],["factual","list",""]]
mdp.39015035155038	[["mixed","cover","cover design"],["no_content","no_content","stamp"],["no_content","no_content",""],["no_content","no_content",""],["no_content","no_content",""],["no_content","no_content",""],["factual","title",""],["no_content","no_content",""],["factual","title",""],["factual","pub_info",""],["mixed","image","Title, illustration"],["no_content","no_content",""],["creative","main_text",""],["creative","main_text",""],["creative","image","1749"],["creative","main_text",""],["creative","main_text",""],["creative","image","1774"],["creative","image","1794"],["creative","image","1784"]]
mdp.39015040405220	[["no_content","no_content","binding"],["no_content","no_content","stamp"],["no_content","no_content",""],["no_content","no_content",""],["factual","cover",""],["no_content","no_content",""],["factual","list",""],["factual","list","pub info"],["creative","main_text",""],["creative","main_text",""],["creative","main_text",""],["creative","main_text",""],["creative","main_text",""],["creative","main_text",""],["creative","main_text",""],["creative","main_text",""],["creative","main_text",""],["creative","main_text",""],["creative","main_text",""],["creative","main_text",""]]
mdp.39015041061428	[["no_content","no_content","page not available"],["no_content","no_content","stamp"],["no_content","no_content",""],["no_content","no_content",""],["factual","title",""],["no_content","no_content",""],["factual","title",""],["factual","pub_info",""],["factual","dedication",""],["no_content","no_content",""],["factual","list",""],["factual","list",""],["creative","pref_text","foreword"],["no_content","no_content",""],["creative","pref_text","acknowledgments"],["creative","pref_text","acknowledgments"],["creative","pref_text","introduction"],["creative","pref_text","introduction"],["factual","title",""],["no_content","no_content",""]]
mdp.39015041138416	[["no_content","no_content","binding"],["no_content","no_content","endpaper"],["no_content","no_content","endpaper"],["no_content","no_content",""],["no_content","no_content",""],["factual","list",""],["factual","cover",""],["creative","pub_info",""],["creative","main_text",""],["creative","main_text",""],["creative","image","map"],["creative","main_text",""],["creative","main_text",""],["creative","main_text",""],["creative","main_text",""],["creative","main_text",""],["creative","main_text",""],["creative","main_text",""],["creative","main_text",""],["creative","main_text",""]]
mdp.39015043204687	[["mixed","cover","cover art"],["no_content","no_content","stamp"],["no_content","no_content",""],["no_content","no_content",""],["factual","title",""],["no_content","no_content",""],["factual","title",""],["no_content","no_content",""],["creative","epigraph",""],["factual","ad",""],["creative","pref_text","preface"],["creative","pref_text","preface"],["factual","pub_info",""],["no_content","no_content",""],["creative","pref_text","prologue"],["no_content","no_content",""],["creative","main_text",""],["creative","main_text",""],["creative","main_text",""],["creative","main_text",""]]
mdp.39015047520583	[["no_content","no_content","binding"],["no_content","no_content","stamp"],["no_content","no_content",""],["no_content","no_content",""],["factual","title",""],["factual","ad",""],["factual","title",""],["factual","pub_info",""],["creative","pref_text","note"],["no_content","no_content",""],["factual","list",""],["no_content","no_content",""],["creative","pref_text","introduction"],["creative","pref_text","introduction"],["creative","pref_text","introduction"],["creative","pref_text","introduction"],["creative","pref_text","introduction"],["creative","pref_text","introduction"],["creative","pref_text","introduction"],["creative","pref_text","introduction"]]
mdp.39015047948040	[["no_content","no_content","binding"],["no_content","no_content","stamp"],["no_content","no_content",""],["no_content","no_content",""],["mixed","cover","cover art"],["no_content","no_content",""],["factual","title",""],["no_content","no_content",""],["factual","list",""],["factual","list",""],["factual","list",""],["factual","list",""],["factual","list",""],["factual","list",""],["factual","list",""],["factual","list",""],["factual","list",""],["factual","list",""],["factual","list",""],["factual","list",""]]
mdp.39015048252616	[["factual","cover",""],["no_content","no_content","scan bed"],["factual","cover",""],["no_content","no_content","stamp"],["factual","title",""],["factual","list",""],["creative","pref_text","introduction"],["creative","pref_text","introduction"],["creative","main_text","musical score"],["creative","main_text","musical score"],["creative","main_text","musical score"],["creative","main_text","musical score"],["creative","main_text","musical score"],["creative","main_text","musical score"],["creative","main_text","musical score"],["creative","main_text","musical score"],["creative","main_text","musical score"],["creative","main_text","musical score"],["creative","main_text","musical score"],["creative","main_text","musical score"]]
mdp.39015050525230	[["no_content","no_content","binding"],["no_content","no_content","stamp"],["no_content","no_content",""],["no_content","no_content",""],["factual","title",""],["no_content","no_content",""],["factual","title",""],["factual","pub_info",""],["factual","dedication",""],["no_content","no_content",""],["factual","list",""],["no_content","no_content",""],["factual","list",""],["no_content","no_content",""],["creative","pref_text","preface"],["no_content","no_content",""],["creative","pref_text","acknowledgments"],["no_content","no_content",""],["factual","title",""],["no_content","no_content",""]]
mdp.39015051129925	[["factual","cover",""],["no_content","no_content","barcode, stamp"],["no_content","no_content",""],["no_content","no_content",""],["factual","title",""],["factual","title",""],["factual","title",""],["no_content","no_content","cutter"],["factual","title",""],["no_content","no_content",""],["creative","main_text",""],["creative","main_text",""],["creative","main_text",""],["creative","main_text",""],["creative","main_text",""],["creative","main_text",""],["creative","main_text",""],["creative","main_text",""],["creative","main_text",""],["creative","main_text",""]]
mdp.39015052611723	[["no_content","no_content","binding"],["no_content","no_content","stamp"],["no_content","no_content",""],["no_content","no_content",""],["factual","title",""],["factual","pub_info",""],["factual","list",""],["factual","list",""],["factual","list",""],["factual","pub_info",""],["creative","main_text",""],["creative","main_text",""],["creative","main_text",""],["creative","main_text",""],["creative","main_text",""],["creative","main_text",""],["creative","main_text",""],["creative","main_text",""],["creative","main_text",""],["creative","main_text",""]]
mdp.39015055232436	[["no_content","no_content","binding"],["no_content","no_content","stamp"],["no_content","no_content",""],["no_content","no_content",""],["no_content","no_content",""],["creative","image","public domain"],["factual","title",""],["factual","pub_info",""],["creative","pref_text","preface"],["factual","pub_info","image credits"],["factual","list",""],["factual","list",""],["factual","list",""],["factual","appendix",""],["factual","appendix",""],["no_content","no_content",""],["creative","main_text",""],["creative","main_text",""],["creative","main_text",""],["creative","main_text",""]]
mdp.39015058535926	[["factual","cover",""],["no_content","no_content","stamp"],["no_content","no_content",""],["no_content","no_content",""],["factual","title",""],["factual","pub_info",""],["creative","pref_text","foreword"],["creative","pref_text","foreword"],["creative","main_text",""],["creative","main_text",""],["creative","main_text",""],["creative","main_text",""],["creative","main_text",""],["creative","main_text",""],["creative","main_text",""],["creative","main_text",""],["creative","main_text",""],["creative","main_text",""],["creative","main_text",""],["creative","main_text",""]]
mdp.39015058746093	[["no_content","no_content","binding"],["no_content","no_content","stamp"],["no_content","no_content","barcode"],["no_content","no_content",""],["factual","title",""],["no_content","no_content",""],["factual","title",""],["factual","pub_info",""],["creative","pref_text","welcome"],["no_content","no_content",""],["factual","appendix",""],["factual","appendix",""],["factual","appendix",""],["factual","appendix",""],["factual","appendix",""],["factual","appendix",""],["factual","list",""],["factual","list",""],["factual","list",""],["factual","list",""]]
mdp.39015062125854	[["mixed","cover","cover art"],["no_content","no_content",""],["no_content","no_content",""],["no_content","no_content",""],["factual","title",""],["factual","ad",""],["factual","title",""],["factual","pub_info",""],["mixed","appendix","advisory board list and editor obituary"],["no_content","no_content",""],["factual","list",""],["no_content","no_content",""],["creative","pref_text","highlights"],["no_content","no_content",""],["creative","pref_text","introduction"],["creative","pref_text","introduction"],["factual","appendix","user guide"],["factual","appendix","user guide"],["factual","appendix","user guide"],["no_content","no_content",""]]
mdp.39015062610293	[["factual","cover",""],["no_content","no_content","stamp"],["no_content","no_content",""],["no_content","no_content",""],["factual","title",""],["creative","pref_text",""],["factual","title",""],["factual","pub_info",""],["factual","list",""],["no_content","no_content",""],["creative","main_text",""],["creative","main_text",""],["creative","main_text",""],["creative","main_text",""],["creative","main_text",""],["creative","main_text",""],["creative","main_text",""],["creative","main_text",""],["creative","main_text",""],["creative","main_text",""]]
mdp.39015065294681	[["mixed","cover","image stamp"],["no_content","no_content","stamp"],["no_content","no_content",""],["no_content","no_content",""],["factual","title",""],["factual","pub_info",""],["factual","dedication",""],["no_content","no_content",""],["creative","main_text",""],["creative","main_text",""],["creative","main_text",""],["creative","main_text",""],["creative","main_text",""],["creative","main_text",""],["creative","main_text",""],["creative","main_text",""],["creative","main_text",""],["creative","main_text",""],["creative","main_text",""],["creative","main_text",""]]
mdp.39015065374822	[["factual","cover",""],["no_content","no_content","stamp"],["no_content","no_content",""],["no_content","no_content","stamp"],["no_content","no_content",""],["no_content","no_content",""],["factual","title",""],["creative","pref_text",""],["creative","main_text",""],["creative","main_text",""],["creative","main_text",""],["creative","main_text",""],["creative","main_text",""],["creative","main_text",""],["creative","main_text",""],["creative","main_text",""],["creative","main_text",""],["creative","main_text",""],["creative","main_text",""],["creative","main_text",""]]
mdp.39015067844483	[["mixed","cover","cover art"],["no_content","no_content","stamp"],["factual","title",""],["no_content","no_content",""],["factual","title",""],["factual","pub_info",""],["creative","pref_text",""],["creative","pref_text",""],["creative","pref_text",""],["creative","pref_text",""],["factual","list",""],["factual","list",""],["factual","list",""],["no_content","no_content",""],["creative","main_text",""],["creative","main_text",""],["creative","main_text",""],["creative","main_text",""],["creative","main_text",""],["creative","main_text",""]]
mdp.39015069068677	[["no_content","no_content","binding"],["no_content","no_content","endpaper"],["no_content","no_content","endpaper"],["no_content","no_content",""],["no_content","no_content",""],["no_content","no_content",""],["mixed","cover","cover art"],["mixed","image","title has artwork"],["creative","main_text",""],["creative","main_text",""],["creative","main_text",""],["creative","main_text",""],["creative","main_text",""],["creative","poem",""],["creative","poem",""],["creative","poem",""],["creative","poem",""],["creative","poem",""],["creative","poem",""],["creative","main_text",""]]
mdp.39015069108713	[["factual","cover",""],["no_content","no_content","stamp"],["factual","title",""],["factual","pub_info",""],["factual","title",""],["factual","pub_info",""],["factual","list",""],["factual","list",""],["factual","list",""],["no_content","no_content",""],["creative","main_text",""],["creative","main_text",""],["creative","main_text",""],["creative","main_text",""],["creative","main_text",""],["creative","main_text",""],["creative","main_text",""],["creative","main_text",""],["creative","main_text",""],["creative","main_text",""]]
mdp.39015074582258	[["factual","cover",""],["no_content","no_content",""],["factual","title",""],["no_content","no_content",""],["factual","list",""],["no_content","no_content",""],["factual","list",""],["no_content","no_content",""],["creative","main_text",""],["creative","main_text",""],["creative","main_text",""],["factual","main_text",""],["factual","main_text",""],["factual","main_text","list"],["factual","main_text","list"],["factual","main_text","list"],["factual","main_text","list"],["creative","main_text",""],["creative","main_text",""],["creative","main_text",""]]
mdp.39015074680789	[["no_content","no_content","binding"],["no_content","no_content","bookplate"],["no_content","no_content","cutter"],["no_content","no_content",""],["no_content","no_content",""],["no_content","no_content",""],["factual","pub_info",""],["no_content","no_content",""],["factual","title",""],["no_content","no_content",""],["factual","title",""],["factual","pub_info",""],["factual","dedication",""],["no_content","no_content",""],["creative","pref_text","preface"],["creative","pref_text","preface"],["factual","list",""],["factual","list",""],["factual","list",""],["factual","list",""]]
mdp.39015075091937	[["no_content","no_content","cutter"],["no_content","no_content","stamp"],["no_content","no_content","date stamp"],["no_content","no_content",""],["no_content","no_content",""],["no_content","no_content",""],["factual","list",""],["factual","ad",""],["creative","pref_text","editorial comment"],["creative","pref_text","editorial comment"],["creative","pref_text","editorial comment"],["creative","main_text",""],["creative","main_text",""],["creative","main_text",""],["creative","main_text",""],["factual","main_text","data tables"],["factual","main_text","data tables"],["factual","main_text","references"],["creative","main_text",""],["creative","main_text",""]]
mdp.39015076569782	[["factual","cover",""],["no_content","no_content",""],["factual","title",""],["factual","appendix",""],["factual","appendix",""],["factual","main_text",""],["factual","main_text",""],["factual","main_text",""],["factual","main_text",""],["factual","main_text",""],["factual","main_text",""],["factual","main_text",""],["factual","main_text",""],["factual","main_text",""],["factual","main_text",""],["factual","main_text",""],["factual","main_text",""],["factual","main_text",""],["factual","main_text",""],["factual","main_text",""]]
mdp.39015077777707	[["no_content","no_content","binding"],["no_content","no_content","stamp"],["no_content","no_content",""],["no_content","no_content",""],["factual","title",""],["no_content","no_content",""],["factual","title",""],["factual","pub_info",""],["creative","pref_text","preface"],["creative","pref_text","preface"],["factual","list",""],["factual","list",""],["factual","list",""],["factual","list",""],["creative","main_text",""],["creative","main_text",""],["creative","main_text",""],["creative","main_text",""],["creative","main_text",""],["creative","main_text",""]]
mdp.39015077871294	[["factual","cover",""],["no_content","no_content","bookplate"],["no_content","no_content",""],["no_content","no_content",""],["factual","ad",""],["no_content","no_content",""],["factual","title",""],["factual","pub_info",""],["creative","main_text",""],["creative","main_text",""],["creative","main_text",""],["creative","main_text",""],["creative","main_text",""],["creative","main_text",""],["creative","main_text",""],["creative","main_text",""],["creative","main_text",""],["creative","main_text",""],["creative","main_text",""],["creative","main_text",""]]
mdp.39015080548087	[["mixed","cover","cover art"],["no_content","no_content","stamp"],["no_content","no_content","date stamp"],["no_content","no_content",""],["no_content","no_content",""],["no_content","no_content",""],["factual","title",""],["no_content","no_content","stamp"],["no_content","no_content","date stamp"],["no_content","no_content",""],["no_content","no_content",""],["no_content","no_content",""],["factual","title",""],["factual","pub_info",""],["factual","dedication",""],["no_content","no_content",""],["factual","list",""],["factual","list",""],["creative","pref_text","acknowledgments"],["creative","pref_text","acknowledgments"]]
mdp.39015082633093	[["no_content","no_content","barcode"],["no_content","no_content","stamp"],["no_content","no_content",""],["no_content","no_content",""],["no_content","no_content",""],["no_content","no_content","cutter"],["factual","ad",""],["factual","appendix",""],["factual","appendix",""],["factual","appendix",""],["factual","appendix",""],["factual","appendix",""],["factual","appendix",""],["factual","appendix",""],["factual","appendix",""],["factual","appendix",""],["factual","appendix",""],["factual","appendix",""],["factual","appendix",""],["factual","appendix","advertisement"]]
mdp.39015084904005	[["no_content","no_content","binding"],["no_content","no_content","stamp"],["no_content","no_content",""],["no_content","no_content",""],["mixed","cover","cover art"],["creative","ad",""],["creative","ad",""],["creative","ad",""],["creative","pref_text","editorial"],["mixed","list","pub info, images"],["mixed","main_text","also remainder of TOC"],["creative","main_text",""],["creative","main_text",""],["creative","main_text",""],["creative","main_text",""],["creative","ad",""],["creative","main_text",""],["creative","main_text",""],["creative","main_text",""],["creative","main_text",""]]
mdp.49015000715152	[["mixed","cover","cover art"],["no_content","no_content","barcode, stamp"],["no_content","no_content",""],["no_content","no_content",""],["factual","title",""],["factual","list",""],["factual","title",""],["factual","pub_info",""],["factual","list",""],["factual","list",""],["factual","list",""],["creative","pref_text","acknowledgments"],["creative","pref_text","introduction"],["creative","pref_text","introduction"],["creative","pref_text","introduction"],["creative","pref_text","introduction"],["creative","pref_text","introduction"],["no_content","no_content",""],["creative","poem","lyrics"],["creative","poem","lyrics"]]
mdp.49015001047795	[["no_content","no_content","binding"],["no_content","no_content","stamp, barcode"],["no_content","no_content",""],["no_content","no_content",""],["factual","title",""],["no_content","no_content",""],["factual","title",""],["factual","pub_info",""],["factual","list",""],["factual","list",""],["creative","pref_text","preface"],["creative","pref_text","preface"],["creative","main_text","musical score"],["creative","poem","lyrics"],["creative","main_text","musical score"],["creative","main_text","musical score"],["creative","main_text","musical score"],["creative","main_text","musical score"],["creative","poem","lyrics"],["creative","poem","lyrics"]]
mdp.49015002533488	[["mixed","cover","cover design"],["no_content","no_content",""],["creative","ad","book reviews"],["creative","ad","book reviews"],["factual","pub_info",""],["no_content","no_content",""],["factual","title",""],["no_content","no_content",""],["factual","title",""],["factual","pub_info",""],["factual","dedication",""],["creative","pref_text","about the author"],["factual","list",""],["factual","list",""],["factual","list",""],["no_content","no_content",""],["creative","pref_text","acknowledgment"],["creative","pref_text","acknowledgment"],["creative","main_text",""],["creative","main_text",""]]
osu.32435005384516	[["mixed","cover","cover design"],["no_content","no_content","scan bed"],["mixed","cover","cover design"],["no_content","no_content","scan bed"],["mixed","cover","cover design"],["creative","image",""],["mixed","image","title page"],["factual","pub_info",""],["factual","list",""],["creative","image",""],["creative","main_text",""],["creative","main_text",""],["creative","main_text",""],["creative","main_text",""],["creative","main_text",""],["creative","image",""],["creative","main_text",""],["creative","main_text",""],["creative","main_text",""],["creative","image",""]]
osu.32435006310254	[["factual","cover","decorated cover"],["no_content","no_content","bookplate and stamp"],["creative","ad","synopsis"],["no_content","no_content",""],["factual","title",""],["factual","ad",""],["factual","title",""],["factual","pub_info",""],["factual","pub_info","disclaimer"],["no_content","no_content",""],["factual","title",""],["no_content","no_content",""],["creative","main_text",""],["creative","main_text",""],["creative","main_text",""],["creative","main_text",""],["creative","main_text",""],["creative","main_text",""],["creative","main_text",""],["creative","main_text",""]]
osu.32435030710412	[["factual","cover",""],["no_content","no_content","stamp"],["no_content","no_content",""],["no_content","no_content",""],["factual","title",""],["no_content","no_content",""],["factual","pub_info",""],["no_content","no_content",""],["factual","title",""],["factual","pub_info",""],["factual","list",""],["no_content","no_content",""],["creative","main_text",""],["creative","main_text",""],["creative","main_text",""],["creative","main_text",""],["creative","main_text",""],["creative","main_text",""],["creative","main_text",""],["creative","main_text",""]]
osu.32435064221757	[["no_content","no_content","binding"],["no_content","no_content","endpaper"],["no_content","no_content","endpaper"],["no_content","no_content",""],["no_content","no_content",""],["no_content","no_content",""],["mixed","cover","cover photo"],["mixed","list","also begins main text"],["creative","main_text",""],["creative","image","main text and image"],["creative","image",""],["creative","image","main text and image"],["creative","image","main text and image"],["creative","main_text",""],["creative","main_text",""],["creative","main_text",""],["creative","image","main text and image"],["creative","main_text",""],["creative","main_text",""],["creative","main_text",""]]
osu.32435073143901	[["no_content","no_content","binding"],["no_content","no_content","stamp"],["no_content","no_content",""],["no_content","no_content",""],["factual","title",""],["factual","appendix",""],["factual","pub_info",""],["no_content","no_content",""],["creative","pref_text","foreword"],["no_content","no_content",""],["creative","pref_text","letter of transmittal"],["no_content","no_content",""],["factual","list",""],["factual","list",""],["creative","main_text",""],["creative","main_text",""],["creative","main_text",""],["creative","main_text",""],["creative","main_text",""],["creative","main_text",""]]
pst.000055606622	[["factual","title",""],["no_content","no_content",""],["creative","pref_text",""],["no_content","no_content",""],["factual","appendix",""],["no_content","no_content",""],["factual","image","line drawn map"],["no_content","no_content",""],["factual","image","line drawn map"],["no_content","no_content",""],["factual","main_text","data table"],["factual","main_text","data table"],["factual","main_text","data table"],["factual","main_text","data table"],["factual","main_text","data table"],["factual","title","data table"],["factual","title","data table"],["factual","title","data table"],["factual","title","data table"],["factual","title","data table"]]
pst.000060155573	[["factual","cover",""],["no_content","no_content","bookplate"],["factual","title",""],["creative","pref_text","foreword"],["factual","main_text","bibliography"],["factual","main_text","bibliography"],["factual","main_text","bibliography"],["factual","main_text","bibliography"],["factual","main_text","bibliography"],["factual","main_text","bibliography"],["factual","main_text","bibliography"],["factual","main_text","bibliography"],["factual","main_text","bibliography"],["factual","main_text","bibliography"],["factual","main_text","bibliography"],["factual","main_text","bibliography"],["factual","main_text","bibliography"],["factual","main_text","bibliography"],["factual","main_text","bibliography"],["factual","main_text","bibliography"]]
pst.000067131242	[["mixed","cover","cover image"],["no_content","no_content","bookplate"],["no_content","no_content",""],["no_content","no_content",""],["factual","title",""],["factual","pub_info",""],["factual","list",""],["creative","pref_text","acknowlegments"],["creative","main_text",""],["creative","main_text",""],["creative","main_text",""],["creative","main_text",""],["creative","main_text",""],["creative","main_text",""],["creative","main_text",""],["creative","main_text",""],["creative","main_text",""],["creative","main_text",""],["creative","main_text",""],["creative","main_text",""]]
pst.000067577934	[["no_content","no_content","binding"],["no_content","no_content",""],["no_content","no_content","stamp"],["no_content","no_content",""],["factual","cover",""],["creative","ad",""],["creative","main_text","musical score"],["creative","main_text","musical score"],["creative","main_text","musical score"],["creative","main_text","musical score"],["creative","ad",""],["factual","ad",""],["no_content","no_content",""],["no_content","no_content",""],["no_content","no_content",""],["no_content","no_content","barcode"],["no_content","no_content","page seq ends at 16"],["no_content","no_content","page seq ends at 16"],["no_content","no_content","page seq ends at 16"],["no_content","no_content","page seq ends at 16"]]
txu.059172147962152	[["no_content","no_content","binding"],["no_content","no_content","barcode, stamp"],["no_content","no_content",""],["no_content","no_content",""],["mixed","cover","cover art"],["creative","ad",""],["creative","ad",""],["creative","main_text",""],["creative","ad",""],["factual","pub_info",""],["creative","ad",""],["mixed","image","Image and list of content"],["creative","ad",""],["creative","main_text",""],["creative","ad",""],["creative","main_text",""],["creative","ad",""],["creative","image",""],["creative","main_text",""],["creative","image",""]]
txu.059173004751407	[["mixed","cover","cover art"],["no_content","no_content","stamp"],["no_content","no_content",""],["no_content","no_content",""],["no_content","no_content",""],["no_content","no_content",""],["factual","title",""],["creative","image",""],["factual","title",""],["factual","pub_info",""],["creative","main_text",""],["creative","main_text",""],["creative","main_text",""],["creative","main_text",""],["creative","main_text",""],["creative","main_text",""],["creative","main_text",""],["creative","main_text",""],["creative","main_text",""],["creative","main_text",""]]
txu.059173016134190	[["factual","cover",""],["no_content","no_content","barcode, stamp"],["no_content","no_content","stamp"],["no_content","no_content",""],["no_content","no_content",""],["no_content","no_content",""],["factual","title",""],["factual","pub_info",""],["creative","pref_text",""],["creative","pref_text",""],["creative","pref_text",""],["creative","pref_text","edition note"],["creative","epigraph","significant quote"],["no_content","no_content",""],["creative","epigraph","significant quote"],["no_content","no_content",""],["factual","title",""],["no_content","no_content",""],["factual","title",""],["no_content","no_content",""]]
txu.059173024339359	[["factual","cover",""],["no_content","no_content","stamp, cutter"],["factual","title",""],["no_content","no_content",""],["no_content","no_content","finger"],["no_content","no_content",""],["factual","title",""],["no_content","no_content",""],["creative","main_text",""],["creative","main_text",""],["creative","main_text",""],["creative","main_text",""],["creative","main_text",""],["creative","main_text",""],["creative","main_text",""],["creative","main_text",""],["creative","main_text",""],["creative","main_text",""],["creative","main_text",""],["creative","main_text",""]]
txu.059173024497622	[["no_content","no_content","cutter"],["no_content","no_content","stamp, cutter"],["no_content","no_content",""],["no_content","no_content",""],["factual","cover",""],["no_content","no_content",""],["creative","main_text",""],["creative","main_text",""],["creative","main_text",""],["creative","main_text",""],["creative","main_text",""],["creative","main_text",""],["creative","main_text",""],["creative","main_text",""],["creative","main_text",""],["creative","main_text",""],["creative","main_text",""],["creative","main_text",""],["creative","main_text",""],["creative","main_text",""]]
uc1.$b102612	[["factual","cover",""],["creative","ad","book review"],["creative","ad","book review"],["no_content","no_content",""],["factual","title",""],["factual","ad",""],["factual","title",""],["factual","pub_info",""],["factual","title",""],["no_content","no_content",""],["creative","main_text",""],["creative","main_text",""],["creative","main_text",""],["creative","main_text",""],["creative","main_text",""],["creative","main_text",""],["creative","main_text",""],["creative","main_text",""],["creative","main_text",""],["creative","main_text",""]]
uc1.$b473586	[["no_content","no_content","barcode"],["no_content","no_content","bookplate"],["creative","ad","synopsis"],["no_content","no_content",""],["no_content","no_content",""],["no_content","no_content",""],["factual","title",""],["no_content","no_content",""],["factual","title",""],["factual","pub_info",""],["factual","title",""],["no_content","no_content",""],["creative","main_text",""],["creative","main_text",""],["creative","main_text",""],["creative","main_text",""],["creative","main_text",""],["creative","main_text",""],["creative","main_text",""],["creative","main_text",""]]
uc1.$b475944	[["no_content","no_content","binding"],["no_content","no_content","stamp"],["no_content","no_content",""],["no_content","no_content",""],["factual","list",""],["factual","pub_info",""],["creative","main_text",""],["creative","main_text",""],["creative","main_text",""],["creative","main_text",""],["creative","main_text",""],["creative","main_text",""],["creative","main_text",""],["creative","main_text",""],["creative","main_text",""],["creative","main_text",""],["creative","main_text",""],["creative","main_text",""],["creative","main_text",""],["creative","main_text",""]]
uc1.$b604468	[["mixed","cover","cover design"],["no_content","no_content","stamp"],["no_content","no_content",""],["no_content","no_content",""],["factual","title",""],["no_content","no_content",""],["factual","title",""],["factual","pub_info",""],["creative","pref_text","author's note"],["creative","pref_text","author's note"],["creative","pref_text","author's note"],["creative","pref_text","author's note"],["creative","main_text",""],["creative","main_text",""],["creative","main_text",""],["creative","main_text",""],["creative","main_text",""],["creative","main_text",""],["creative","main_text",""],["creative","main_text",""]]
uc1.$b710900	[["factual","cover",""],["creative","image",""],["creative","image",""],["no_content","no_content",""],["no_content","no_content",""],["no_content","no_content",""],["factual","title",""],["factual","ad",""],["factual","title",""],["no_content","no_content",""],["factual","dedication",""],["no_content","no_content",""],["creative","main_text",""],["creative","main_text",""],["creative","main_text",""],["creative","main_text",""],["creative","main_text",""],["no_content","no_content",""],["factual","title",""],["no_content","no_content",""]]
uc1.31158000443217	[["no_content","no_content","binding"],["no_content","no_content","scan bed"],["no_content","no_content","binding"],["no_content","no_content",""],["no_content","no_content",""],["no_content","no_content",""],["no_content","no_content",""],["no_content","no_content",""],["factual","title",""],["no_content","no_content",""],["factual","title",""],["factual","appendix",""],["creative","main_text",""],["creative","main_text",""],["creative","main_text",""],["creative","main_text",""],["creative","main_text",""],["creative","main_text",""],["creative","main_text",""],["creative","main_text",""]]
uc1.31158012656376	[["no_content","no_content","binding"],["no_content","no_content","endpaper"],["no_content","no_content",""],["no_content","no_content",""],["factual","title",""],["no_content","no_content",""],["factual","pub_info",""],["no_content","no_content",""],["factual","pub_info",""],["no_content","no_content",""],["factual","dedication",""],["no_content","no_content",""],["factual","list",""],["no_content","no_content",""],["factual","list",""],["no_content","no_content",""],["factual","list",""],["no_content","no_content",""],["factual","list",""],["no_content","no_content",""]]
uc1.31175012502632	[["no_content","no_content","binding"],["no_content","no_content","stamp"],["no_content","no_content",""],["no_content","no_content",""],["factual","title",""],["no_content","no_content",""],["factual","title",""],["factual","pub_info",""],["factual","list",""],["factual","list",""],["factual","title",""],["no_content","no_content",""],["creative","main_text",""],["creative","main_text",""],["creative","main_text",""],["creative","main_text",""],["creative","main_text",""],["creative","main_text",""],["creative","main_text",""],["creative","main_text",""]]
uc1.31822026159863	[["factual","cover",""],["no_content","no_content",""],["factual","title","due date slip"],["factual","pub_info",""],["factual","list",""],["creative","pref_text",""],["creative","main_text",""],["creative","main_text",""],["creative","main_text",""],["creative","main_text",""],["creative","main_text",""],["creative","main_text",""],["creative","main_text",""],["creative","main_text",""],["creative","main_text",""],["creative","main_text",""],["creative","main_text",""],["creative","main_text",""],["creative","main_text",""],["creative","main_text",""]]
uc1.31822035933704	[["mixed","cover","cover photo"],["no_content","no_content",""],["factual","title",""],["no_content","no_content",""],["creative","pref_text","foreword"],["no_content","no_content",""],["factual","list",""],["no_content","no_content",""],["creative","main_text",""],["creative","main_text",""],["creative","main_text",""],["creative","main_text",""],["creative","main_text",""],["no_content","no_content",""],["creative","main_text",""],["creative","main_text",""],["creative","main_text",""],["creative","main_text",""],["creative","main_text",""],["creative","main_text",""]]
uc1.32106006064460	[["no_content","no_content","barcode"],["no_content","no_content","stamp"],["no_content","no_content",""],["no_content","no_content",""],["factual","title",""],["no_content","no_content",""],["factual","appendix",""],["no_content","no_content",""],["factual","appendix",""],["no_content","no_content",""],["creative","pref_text",""],["no_content","no_content",""],["creative","main_text",""],["creative","main_text",""],["creative","main_text",""],["creative","main_text",""],["creative","main_text",""],["creative","main_text",""],["creative","main_text",""],["creative","main_text",""]]
uc1.32106019366258	[["factual","cover",""],["no_content","no_content",""],["creative","main_text",""],["creative","main_text",""],["creative","main_text",""],["creative","main_text",""],["creative","main_text",""],["creative","main_text",""],["creative","main_text",""],["creative","main_text",""],["creative","main_text",""],["creative","main_text",""],["creative","main_text",""],["creative","main_text",""],["creative","main_text",""],["creative","main_text",""],["creative","main_text",""],["creative","main_text",""],["creative","main_text",""],["creative","main_text",""]]
uc1.b000580094	[["no_content","no_content","binding"],["no_content","no_content",""],["no_content","no_content",""],["no_content","no_content",""],["no_content","no_content",""],["no_content","no_content",""],["factual","cover",""],["no_content","no_content",""],["factual","title",""],["no_content","no_content",""],["factual","list",""],["factual","list",""],["factual","list",""],["factual","list",""],["creative","pref_text","introduction"],["creative","pref_text","introduction"],["creative","pref_text","introduction"],["no_content","no_content",""],["factual","appendix",""],["no_content","no_content",""]]
uc1.b000679360	[["no_content","no_content","binding"],["no_content","no_content",""],["no_content","no_content","endpaper"],["no_content","no_content",""],["no_content","no_content",""],["no_content","no_content",""],["factual","title",""],["factual","pub_info",""],["creative","main_text",""],["creative","main_text",""],["creative","main_text",""],["creative","main_text",""],["creative","main_text",""],["creative","main_text",""],["creative","main_text",""],["creative","main_text",""],["creative","main_text",""],["creative","main_text",""],["creative","main_text",""],["creative","main_text",""]]
uc1.b2941190	[["no_content","no_content","barcode"],["no_content","no_content","stamp"],["no_content","no_content","stamp"],["no_content","no_content","stamp"],["no_content","no_content","stamp"],["no_content","no_content","stamp"],["no_content","no_content",""],["no_content","no_content",""],["factual","cover",""],["no_content","no_content","cutter"],["creative","main_text",""],["creative","main_text",""],["creative","main_text",""],["creative","main_text",""],["creative","main_text",""],["creative","main_text",""],["creative","main_text",""],["no_content","no_content",""],["no_content","no_content",""],["factual","appendix",""]]
uc1.b3130101	[["no_content","no_content","barcode"],["no_content","no_content",""],["no_content","no_content","stamp"],["no_content","no_content",""],["factual","cover",""],["no_content","no_content",""],["factual","title",""],["factual","pub_info",""],["creative","pref_text","author's note"],["creative","pref_text","author's note"],["creative","main_text",""],["creative","main_text",""],["creative","main_text",""],["creative","main_text",""],["creative","main_text",""],["creative","main_text",""],["creative","main_text",""],["creative","main_text",""],["creative","main_text",""],["creative","main_text",""]]
uc1.b3147141	[["factual","cover",""],["no_content","no_content","bookplate"],["no_content","no_content",""],["no_content","no_content",""],["no_content","no_content",""],["no_content","no_content",""],["no_content","no_content",""],["no_content","no_content",""],["factual","title",""],["factual","ad",""],["factual","title",""],["factual","pub_info",""],["creative","epigraph","public domain"],["no_content","no_content",""],["creative","main_text",""],["creative","main_text",""],["creative","main_text",""],["creative","main_text",""],["creative","main_text",""],["creative","main_text",""]]
uc1.b3483470	[["factual","cover",""],["no_content","no_content","stamp"],["no_content","no_content",""],["no_content","no_content",""],["no_content","no_content",""],["no_content","no_content",""],["factual","title",""],["no_content","no_content",""],["factual","title",""],["factual","pub_info",""],["factual","dedication",""],["no_content","no_content",""],["creative","pref_text","preface"],["creative","pref_text","preface"],["factual","list",""],["factual","list",""],["factual","title",""],["no_content","no_content",""],["creative","epigraph","public domain 1818"],["no_content","no_content",""]]
uc1.b3584390	[["no_content","no_content","binding"],["no_content","no_content","cutter, checkout card"],["no_content","no_content",""],["no_content","no_content","cutter, checkout card"],["no_content","no_content",""],["no_content","no_content",""],["no_content","no_content",""],["no_content","no_content",""],["factual","title",""],["factual","pub_info",""],["factual","list",""],["no_content","no_content",""],["factual","appendix",""],["factual","appendix",""],["factual","appendix",""],["factual","appendix",""],["factual","appendix",""],["factual","appendix",""],["factual","appendix",""],["factual","appendix",""]]
uc1.b3784662	[["factual","cover",""],["no_content","no_content",""],["factual","title",""],["factual","title",""],["factual","title",""],["factual","pub_info","ISBN"],["factual","list",""],["no_content","no_content",""],["creative","pref_text","foreword"],["no_content","no_content",""],["creative","main_text",""],["creative","main_text",""],["creative","main_text",""],["creative","main_text",""],["creative","main_text",""],["no_content","no_content",""],["creative","main_text",""],["creative","main_text",""],["creative","main_text",""],["creative","main_text",""]]
uc1.b4153984	[["factual","cover",""],["no_content","no_content",""],["factual","title",""],["no_content","no_content",""],["factual","title",""],["factual","pub_info",""],["factual","list",""],["factual","list",""],["factual","list",""],["factual","list",""],["factual","list",""],["no_content","no_content",""],["creative","main_text",""],["creative","main_text",""],["creative","main_text",""],["creative","main_text",""],["creative","main_text",""],["creative","main_text",""],["creative","main_text",""],["creative","main_text",""]]
uc1.b4260955	[["no_content","no_content","binding"],["no_content","no_content","endpaper"],["no_content","no_content","endpaper"],["no_content","no_content",""],["no_content","no_content",""],["no_content","no_content",""],["factual","title",""],["no_content","no_content",""],["factual","list",""],["factual","list",""],["creative","main_text",""],["creative","main_text",""],["creative","main_text",""],["creative","main_text",""],["creative","main_text",""],["creative","main_text",""],["creative","main_text",""],["creative","main_text",""],["creative","main_text",""],["creative","main_text",""]]
uc1.b4289231	[["no_content","no_content","barcode"],["no_content","no_content","bookplate"],["no_content","no_content",""],["no_content","no_content",""],["factual","title",""],["no_content","no_content",""],["factual","title",""],["factual","pub_info",""],["creative","pref_text","preface"],["no_content","no_content",""],["factual","pref_text","acknowledgments"],["no_content","no_content",""],["factual","list",""],["no_content","no_content",""],["factual","title",""],["no_content","no_content",""],["creative","main_text",""],["creative","main_text",""],["creative","main_text",""],["creative","main_text",""]]
uc1.b4597505	[["no_content","no_content","binding"],["no_content","no_content","stamp"],["no_content","no_content",""],["no_content","no_content",""],["factual","title",""],["no_content","no_content",""],["factual","title",""],["factual","pub_info",""],["creative","pref_text","preface"],["creative","pref_text","preface"],["creative","pref_text","preface"],["creative","pref_text","preface"],["creative","pref_text","preface"],["creative","pref_text","preface"],["factual","list",""],["factual","list",""],["creative","main_text",""],["creative","main_text",""],["creative","main_text",""],["creative","main_text",""]]
uc1.b4949572	[["no_content","no_content","binding"],["no_content","no_content","endpaper"],["no_content","no_content","endpaper"],["no_content","no_content",""],["no_content","no_content",""],["no_content","no_content",""],["factual","cover",""],["no_content","no_content",""],["factual","title",""],["factual","pub_info",""],["creative","main_text",""],["creative","main_text",""],["creative","main_text",""],["creative","main_text",""],["creative","main_text",""],["creative","main_text",""],["creative","main_text",""],["creative","main_text",""],["creative","main_text",""],["creative","main_text",""]]
uc1.l0071959498	[["no_content","no_content","binding"],["no_content","no_content","endpaper"],["no_content","no_content",""],["no_content","no_content",""],["factual","list",""],["factual","pub_info",""],["creative","main_text",""],["creative","main_text",""],["factual","image","cancer cells"],["factual","image","data graphs"],["creative","main_text",""],["factual","image","cancer cells"],["creative","main_text",""],["creative","main_text",""],["creative","main_text",""],["creative","main_text",""],["creative","main_text",""],["factual","image","cancer cells"],["creative","main_text",""],["creative","main_text",""]]
uc1.x19111	[["no_content","no_content","binding"],["no_content","no_content",""],["no_content","no_content",""],["no_content","no_content",""],["no_content","no_content",""],["no_content","no_content",""],["factual","title",""],["no_content","no_content",""],["factual","pub_info",""],["no_content","no_content",""],["creative","pref_text","abstract"],["no_content","no_content",""],["creative","pref_text","abstract"],["no_content","no_content",""],["creative","pref_text","acknowledgments"],["no_content","no_content",""],["factual","list",""],["no_content","no_content",""],["factual","list",""],["no_content","no_content",""]]
uc1.x36249	[["no_content","no_content","binding"],["no_content","no_content",""],["no_content","no_content",""],["no_content","no_content",""],["no_content","no_content",""],["no_content","no_content",""],["no_content","no_content",""],["no_content","no_content",""],["factual","title",""],["no_content","no_content",""],["factual","list",""],["no_content","no_content",""],["creative","pref_text","acknowledgments"],["no_content","no_content",""],["creative","pref_text","acknowledgments"],["no_content","no_content",""],["no_content","no_content",""],["no_content","no_content",""],["creative","main_text",""],["no_content","no_content",""]]
uiug.30112117978368	[["factual","cover",""],["no_content","no_content",""],["factual","title",""],["factual","pref_text","letter of transmittal"],["factual","list",""],["factual","list",""],["factual","list",""],["factual","list",""],["factual","list",""],["factual","list",""],["creative","main_text",""],["creative","main_text",""],["creative","main_text",""],["creative","main_text",""],["creative","main_text",""],["creative","main_text",""],["creative","main_text",""],["creative","main_text",""],["creative","main_text",""],["creative","main_text",""]]
uiug.30112118332383	[["factual","cover",""],["no_content","no_content","stamp"],["no_content","no_content",""],["no_content","no_content",""],["no_content","no_content","stamp"],["creative","image","1927"],["factual","title",""],["factual","pub_info",""],["factual","pref_text","letter of transmittal"],["no_content","no_content",""],["creative","main_text",""],["creative","main_text",""],["creative","main_text",""],["creative","main_text",""],["creative","main_text",""],["creative","main_text",""],["creative","main_text",""],["creative","main_text",""],["creative","main_text",""],["creative","main_text",""]]
umn.31951001352442c	[["no_content","no_content","binding"],["no_content","no_content","stamp"],["no_content","no_content",""],["no_content","no_content","stamp"],["no_content","no_content",""],["no_content","no_content",""],["no_content","no_content",""],["no_content","no_content",""],["mixed","cover","cover art, list of content"],["creative","ad",""],["factual","ad",""],["factual","ad",""],["creative","main_text","also pub info"],["creative","main_text",""],["creative","main_text",""],["creative","main_text",""],["creative","main_text",""],["creative","main_text",""],["creative","main_text",""],["creative","main_text",""]]
umn.31951002252773o	[["factual","title",""],["no_content","no_content","bookoplate"],["no_content","no_content",""],["no_content","no_content",""],["creative","pref_text","foreword"],["no_content","no_content",""],["creative","main_text",""],["creative","main_text",""],["creative","main_text",""],["creative","main_text",""],["creative","main_text",""],["creative","main_text",""],["creative","main_text",""],["creative","main_text",""],["creative","main_text",""],["creative","main_text",""],["creative","main_text",""],["creative","main_text",""],["creative","main_text",""],["creative","main_text",""]]
umn.31951d00185986b	[["no_content","no_content","binding"],["no_content","no_content","stamp"],["no_content","no_content",""],["no_content","no_content",""],["factual","title",""],["no_content","no_content",""],["creative","pref_text","acknowlegments"],["no_content","no_content",""],["creative","pref_text","abstract"],["no_content","no_content",""],["creative","pref_text","abstract"],["no_content","no_content",""],["creative","pref_text","abstract"],["no_content","no_content",""],["factual","list",""],["no_content","no_content",""],["factual","list",""],["no_content","no_content",""],["factual","list",""],["no_content","no_content",""]]
umn.31951d004966269	[["no_content","no_content","binding"],["no_content","no_content","stamp"],["no_content","no_content",""],["no_content","no_content",""],["factual","title",""],["factual","pub_info",""],["creative","pref_text","preface"],["creative","pref_text","preface"],["factual","list","errata"],["no_content","no_content",""],["factual","appendix",""],["factual","appendix",""],["factual","appendix",""],["factual","appendix",""],["factual","appendix",""],["factual","appendix",""],["factual","appendix",""],["factual","appendix",""],["factual","appendix",""],["factual","appendix",""]]
umn.31951p00303952o	[["no_content","no_content","binding"],["no_content","no_content","stamp"],["no_content","no_content",""],["no_content","no_content",""],["factual","list",""],["factual","pub_info","also more list of content"],["factual","title",""],["no_content","no_content",""],["creative","main_text",""],["creative","main_text",""],["creative","main_text",""],["creative","main_text",""],["creative","main_text",""],["creative","main_text",""],["creative","main_text",""],["creative","main_text",""],["creative","main_text",""],["creative","main_text",""],["creative","main_text",""],["creative","main_text",""]]
uva.x000174800	[["no_content","no_content","binding"],["no_content","no_content","stamp"],["no_content","no_content",""],["no_content","no_content",""],["factual","title",""],["factual","title",""],["factual","pub_info",""],["factual","pub_info",""],["factual","dedication",""],["factual","pub_info",""],["factual","dedication",""],["no_content","no_content",""],["creative","pref_text","foreword"],["creative","pref_text","foreword"],["factual","list",""],["factual","list",""],["factual","title",""],["no_content","no_content",""],["creative","main_text",""],["creative","main_text",""]]
uva.x000329235	[["no_content","no_content","barcode"],["no_content","no_content","stamp"],["no_content","no_content",""],["no_content","no_content",""],["factual","title",""],["no_content","no_content",""],["factual","pub_info",""],["factual","title",""],["factual","title",""],["factual","pub_info",""],["factual","list",""],["no_content","no_content",""],["creative","main_text",""],["creative","main_text",""],["creative","main_text",""],["creative","main_text",""],["creative","main_text",""],["creative","main_text",""],["creative","main_text",""],["creative","main_text",""]]
uva.x000472300	[["no_content","no_content","cutter, barcode"],["no_content","no_content","stamp"],["no_content","no_content",""],["no_content","no_content",""],["no_content","no_content",""],["no_content","no_content",""],["mixed","cover","cover art"],["no_content","no_content",""],["factual","title",""],["creative","image",""],["factual","title",""],["factual","pub_info","map 1792"],["factual","list","map 1792"],["creative","pref_text","acknowledgments"],["creative","image",""],["creative","image",""],["creative","main_text",""],["creative","main_text",""],["creative","main_text",""],["creative","main_text",""]]
uva.x001686940	[["factual","cover",""],["no_content","no_content","stamp"],["no_content","no_content",""],["no_content","no_content",""],["factual","title",""],["factual","ad",""],["factual","title",""],["factual","pub_info",""],["factual","list",""],["factual","list",""],["factual","list",""],["factual","list",""],["factual","list",""],["no_content","no_content",""],["factual","appendix",""],["no_content","no_content",""],["creative","pref_text","preface"],["no_content","no_content",""],["factual","list",""],["factual","list",""]]
uva.x004062314	[["no_content","no_content","barcode"],["no_content","no_content","stamp"],["no_content","no_content",""],["no_content","no_content",""],["factual","pub_info",""],["no_content","no_content",""],["factual","title",""],["no_content","no_content","cutter"],["factual","title",""],["no_content","no_content",""],["creative","main_text",""],["creative","main_text",""],["creative","main_text",""],["creative","main_text",""],["creative","main_text",""],["creative","main_text",""],["creative","main_text",""],["creative","main_text",""],["creative","main_text",""],["creative","main_text",""]]
uva.x004260344	[["no_content","no_content","page not available"],["no_content","no_content","stamp"],["no_content","no_content",""],["no_content","no_content",""],["mixed","cover","cover design"],["no_content","no_content",""],["factual","title",""],["no_content","no_content",""],["factual","title",""],["factual","pub_info",""],["factual","list",""],["factual","list",""],["creative","pref_text","foreword"],["creative","pref_text","introduction"],["creative","pref_text","introduction"],["no_content","no_content",""],["factual","title",""],["no_content","no_content",""],["creative","main_text",""],["creative","main_text",""]]
uva.x006024400	[["no_content","no_content","barcode"],["no_content","no_content","stamp"],["no_content","no_content",""],["no_content","no_content",""],["mixed","cover","cover photo"],["creative","pref_text","next issue"],["factual","ad",""],["no_content","no_content","cutter"],["creative","ad",""],["creative","ad",""],["creative","ad",""],["creative","ad",""],["creative","ad",""],["creative","ad",""],["creative","ad",""],["creative","image",""],["creative","image",""],["creative","image",""],["creative","image",""],["creative","image",""]]
uva.x006073484	[["no_content","no_content","barcode"],["no_content","no_content","stamp"],["no_content","no_content",""],["no_content","no_content",""],["factual","title",""],["factual","pub_info",""],["factual","title",""],["factual","pub_info",""],["factual","list",""],["creative","image",""],["creative","pref_text",""],["creative","image",""],["creative","image",""],["creative","image",""],["creative","main_text",""],["creative","main_text",""],["creative","main_text",""],["creative","main_text",""],["creative","main_text",""],["creative","image",""]]
uva.x006112272	[["no_content","no_content","binding"],["no_content","no_content","stamp"],["no_content","no_content",""],["no_content","no_content",""],["factual","cover",""],["factual","pub_info",""],["creative","pref_text","introduction"],["creative","pref_text","introduction"],["creative","pref_text","introduction"],["creative","main_text",""],["creative","main_text",""],["creative","main_text",""],["creative","main_text",""],["creative","main_text",""],["creative","main_text",""],["creative","main_text",""],["creative","main_text",""],["creative","main_text",""],["creative","main_text",""],["creative","main_text",""]]
uva.x006170566	[["no_content","no_content","barcode"],["no_content","no_content",""],["no_content","no_content",""],["no_content","no_content","stamp"],["no_content","no_content",""],["no_content","no_content",""],["mixed","cover","cover art"],["creative","image",""],["creative","ad",""],["mixed","image","list of content"],["creative","ad",""],["creative","main_text",""],["creative","ad",""],["mixed","pub_info","pub info and letters to editor"],["creative","ad",""],["creative","main_text",""],["creative","image",""],["creative","main_text",""],["creative","image",""],["creative","image",""]]
uva.x030349397	[["no_content","no_content","binding"],["no_content","no_content",""],["no_content","no_content",""],["no_content","no_content",""],["no_content","no_content",""],["no_content","no_content",""],["factual","title",""],["no_content","no_content",""],["factual","title",""],["no_content","no_content",""],["factual","title",""],["factual","pub_info",""],["factual","appendix",""],["no_content","no_content",""],["factual","appendix",""],["factual","appendix",""],["creative","pref_text","note"],["no_content","no_content",""],["creative","main_text",""],["creative","main_text",""]]
coo.31924003676024	[["factual","cover",""],["no_content","no_content","bookplate"],["factual","cover",""],["creative","pref_text","about the report"],["factual","list",""],["no_content","no_content",""],["creative","main_text",""],["creative","main_text",""],["creative","main_text",""],["creative","main_text",""],["creative","main_text",""],["creative","main_text",""],["creative","main_text",""],["creative","main_text",""],["creative","main_text",""],["creative","main_text",""],["creative","main_text",""],["creative","main_text",""],["creative","main_text",""],["creative","main_text",""]]
coo.31924061389486	[["no_content","no_content","binding"],["no_content","no_content","bookplate"],["no_content","no_content","barcode, due date"],["no_content","no_content",""],["factual","title",""],["no_content","no_content",""],["factual","appendix",""],["factual","appendix",""],["factual","appendix",""],["no_content","no_content",""],["factual","cover",""],["factual","pub_info",""],["creative","main_text",""],["creative","main_text",""],["creative","main_text",""],["creative","main_text",""],["creative","main_text",""],["creative","main_text",""],["creative","main_text",""],["creative","main_text",""]]
coo.31924094662230	[["no_content","no_content","cutter"],["no_content","no_content",""],["factual","title",""],["creative","main_text",""],["creative","main_text",""],["creative","main_text",""],["no_content","no_content",""],["no_content","no_content","binding"],["no_content","no_content","scan bed"],["no_content","no_content","binding"],["no_content","no_content","scan bed"],["no_content","no_content","binding"],["no_content","no_content","page seq ends at 12"],["no_content","no_content","page seq ends at 12"],["no_content","no_content","page seq ends at 12"],["no_content","no_content","page seq ends at 12"],["no_content","no_content","page seq ends at 12"],["no_content","no_content","page seq ends at 12"],["no_content","no_content","page seq ends at 12"],["no_content","no_content","page seq ends at 12"]]
ien.35556035773456	[["no_content","no_content","scan bed"],["no_content","no_content","scan bed"],["no_content","no_content","binding"],["no_content","no_content","stamp"],["no_content","no_content",""],["no_content","no_content","stamp"],["no_content","no_content",""],["creative","image",""],["mixed","cover","cover art public domain"],["factual","title",""],["factual","title",""],["no_content","no_content","stamp"],["no_content","no_content",""],["no_content","no_content",""],["mixed","cover","cover art public domain"],["no_content","no_content",""],["factual","title",""],["factual","list",""],["factual","list",""],["factual","pub_info",""]]
mdp.35128000268399	[["no_content","no_content","binding"],["no_content","no_content",""],["no_content","no_content",""],["no_content","no_content",""],["no_content","no_content",""],["no_content","no_content",""],["factual","title",""],["no_content","no_content","cutter"],["factual","pub_info",""],["no_content","no_content",""],["factual","list",""],["no_content","no_content",""],["creative","main_text",""],["creative","main_text",""],["creative","main_text",""],["creative","main_text",""],["creative","main_text",""],["creative","main_text",""],["creative","main_text",""],["creative","main_text",""]]
mdp.39015000443450	[["factual","cover",""],["no_content","no_content",""],["no_content","no_content","stamp"],["no_content","no_content",""],["no_content","no_content",""],["no_content","no_content",""],["factual","title",""],["no_content","no_content",""],["factual","title",""],["no_content","no_content",""],["factual","list",""],["no_content","no_content",""],["factual","list",""],["factual","list",""],["factual","title",""],["factual","appendix",""],["creative","main_text",""],["creative","main_text",""],["creative","main_text",""],["creative","main_text",""]]
mdp.39015005510931	[["no_content","no_content","binding"],["no_content","no_content",""],["factual","cover",""],["no_content","no_content",""],["factual","title",""],["factual","pub_info",""],["factual","list",""],["creative","pref_text","introduction"],["creative","main_text",""],["creative","main_text",""],["creative","main_text",""],["creative","main_text",""],["creative","main_text",""],["factual","main_text","flowchart, process"],["creative","main_text",""],["factual","main_text","process"],["factual","image","flowchart"],["factual","main_text","flowchart, process"],["factual","main_text","flowchart, process"],["factual","main_text","process"]]
mdp.39015008190939	[["no_content","no_content","binding"],["no_content","no_content","stamp"],["no_content","no_content",""],["no_content","no_content",""],["factual","title",""],["factual","ad",""],["factual","title",""],["factual","pub_info",""],["factual","dedication",""],["factual","pref_text","acknowledgments"],["factual","list",""],["no_content","no_content",""],["creative","pref_text","introduction"],["creative","pref_text","introduction"],["factual","title",""],["creative","main_text",""],["creative","main_text",""],["creative","main_text",""],["creative","main_text",""],["creative","main_text",""]]
mdp.39015012797398	[["no_content","no_content","page not available"],["no_content","no_content","stamp"],["no_content","no_content",""],["no_content","no_content",""],["factual","cover",""],["no_content","no_content",""],["factual","title",""],["no_content","no_content",""],["factual","title",""],["factual","pub_info",""],["factual","list",""],["creative","pref_text","acknowledgments"],["factual","list",""],["creative","main_text",""],["creative","main_text",""],["creative","main_text","musical quotation"],["creative","main_text",""],["creative","image",""],["creative","main_text",""],["creative","main_text",""]]
mdp.39015030714409	[["factual","cover",""],["no_content","no_content","stamp"],["no_content","no_content",""],["no_content","no_content",""],["factual","title",""],["factual","pub_info",""],["creative","main_text",""],["creative","main_text",""],["creative","main_text",""],["creative","main_text",""],["creative","main_text",""],["creative","main_text",""],["creative","main_text",""],["creative","main_text",""],["creative","main_text",""],["creative","main_text",""],["creative","main_text",""],["creative","main_text",""],["creative","main_text",""],["creative","main_text",""]]
mdp.39015035754046	[["factual","cover",""],["no_content","no_content","page not available"],["no_content","no_content",""],["no_content","no_content",""],["factual","title",""],["no_content","no_content",""],["factual","title",""],["no_content","no_content",""],["factual","title",""],["factual","pub_info",""],["factual","appendix",""],["no_content","no_content",""],["factual","dedication",""],["no_content","no_content",""],["factual","list",""],["factual","list",""],["factual","list",""],["factual","list",""],["factual","list",""],["factual","list",""]]
mdp.39015036385162	[["no_content","no_content","binding"],["no_content","no_content","stamp"],["no_content","no_content","date stamp"],["no_content","no_content",""],["creative","pref_text",""],["no_content","no_content",""],["factual","title",""],["no_content","no_content",""],["factual","title",""],["factual","pub_info",""],["factual","list",""],["factual","list",""],["factual","list",""],["creative","pref_text","preface"],["factual","title",""],["no_content","no_content",""],["creative","pref_text","introduction"],["creative","pref_text","introduction"],["creative","main_text",""],["creative","main_text",""]]
mdp.39015037575043	[["mixed","cover","cover design"],["no_content","no_content","stamp"],["factual","title",""],["factual","pub_info",""],["factual","title",""],["creative","main_text",""],["creative","main_text",""],["creative","main_text",""],["creative","main_text",""],["creative","main_text",""],["creative","main_text",""],["creative","main_text",""],["creative","main_text",""],["creative","main_text",""],["creative","main_text",""],["creative","main_text",""],["creative","main_text",""],["creative","main_text",""],["creative","main_text",""],["creative","main_text",""]]
mdp.39015055488210	[["mixed","cover","cover photo"],["no_content","no_content",""],["no_content","no_content",""],["no_content","no_content",""],["factual","title",""],["no_content","no_content",""],["factual","title",""],["factual","pub_info",""],["creative","main_text",""],["creative","main_text",""],["creative","main_text",""],["creative","main_text",""],["creative","main_text",""],["creative","main_text",""],["creative","main_text",""],["creative","main_text",""],["creative","main_text",""],["creative","main_text",""],["creative","main_text",""],["creative","main_text",""]]
mdp.39015060846774	[["no_content","no_content","binding"],["no_content","no_content","stamp"],["no_content","no_content",""],["no_content","no_content",""],["factual","title",""],["no_content","no_content",""],["factual","title",""],["factual","pub_info",""],["factual","dedication",""],["no_content","no_content",""],["factual","list",""],["no_content","no_content",""],["factual","list",""],["no_content","no_content",""],["creative","epigraph",""],["no_content","no_content",""],["creative","pref_text","acknowledgments"],["creative","pref_text","acknowledgments"],["creative","pref_text","acknowledgments"],["creative","pref_text","acknowledgments"]]
mdp.39015061291301	[["no_content","no_content","binding"],["no_content","no_content","stamp"],["no_content","no_content",""],["no_content","no_content",""],["factual","title",""],["no_content","no_content",""],["factual","title",""],["factual","pub_info",""],["factual","list",""],["factual","list",""],["factual","title",""],["creative","image",""],["creative","main_text",""],["creative","main_text",""],["creative","main_text",""],["creative","main_text",""],["creative","main_text",""],["creative","main_text",""],["creative","main_text",""],["creative","image",""]]
mdp.39015082366363	[["no_content","no_content","binding"],["no_content","no_content","stamp"],["no_content","no_content",""],["no_content","no_content",""],["no_content","no_content",""],["factual","pub_info",""],["factual","title",""],["no_content","no_content","cutter"],["factual","list",""],["no_content","no_content",""],["creative","pref_text","preface\n"],["creative","pref_text","preface"],["creative","main_text",""],["creative","main_text",""],["creative","main_text",""],["creative","main_text",""],["creative","main_text",""],["creative","main_text",""],["creative","main_text",""],["creative","main_text",""]]
mdp.49015002903855	[["factual","cover",""],["no_content","no_content","bookplate"],["no_content","no_content","stamp"],["no_content","no_content",""],["factual","title",""],["factual","pub_info",""],["factual","dedication",""],["no_content","no_content",""],["creative","pref_text","preface"],["creative","pref_text","preface"],["factual","appendix","bibliography"],["factual","appendix","bibliography"],["factual","appendix","bibliography"],["factual","appendix","bibliography"],["factual","appendix","bibliography"],["factual","appendix","bibliography"],["factual","appendix","bibliography"],["factual","appendix","bibliography"],["factual","appendix","bibliography"],["factual","appendix","bibliography"]]
msu.31293010464737	[["no_content","no_content","binding"],["no_content","no_content","barcode, stamp"],["no_content","no_content","due date slip"],["no_content","no_content",""],["factual","title",""],["factual","dedication",""],["factual","title",""],["factual","pub_info",""],["creative","pref_text","preface"],["creative","pref_text","preface"],["creative","pref_text","preface"],["no_content","no_content",""],["factual","list",""],["creative","poem","lyrics"],["creative","pref_text","introduction"],["creative","pref_text","introduction"],["creative","pref_text","introduction"],["creative","pref_text","introduction"],["creative","pref_text","introduction"],["no_content","no_content",""]]
pst.000005185986	[["factual","cover",""],["no_content","no_content","stamp"],["no_content","no_content",""],["no_content","no_content",""],["no_content","no_content",""],["no_content","no_content",""],["factual","title",""],["factual","pub_info",""],["creative","pref_text","preface"],["creative","pref_text","preface"],["factual","appendix",""],["factual","appendix",""],["factual","appendix",""],["factual","appendix",""],["factual","appendix",""],["factual","appendix",""],["factual","appendix",""],["factual","appendix",""],["factual","appendix",""],["factual","appendix",""]]
pst.000024504195	[["mixed","cover","cover design"],["no_content","no_content",""],["factual","list",""],["no_content","no_content",""],["creative","main_text",""],["no_content","no_content",""],["creative","main_text",""],["no_content","no_content",""],["creative","main_text",""],["no_content","no_content",""],["creative","main_text",""],["no_content","no_content",""],["creative","main_text",""],["no_content","no_content",""],["creative","main_text",""],["no_content","no_content",""],["creative","main_text",""],["no_content","no_content",""],["factual","main_text","data table"],["no_content","no_content",""]]
pst.000028986676	[["mixed","cover","cover photo"],["creative","pref_text","book review"],["no_content","no_content",""],["no_content","no_content",""],["factual","title",""],["no_content","no_content",""],["factual","title",""],["factual","pub_info",""],["factual","dedication",""],["no_content","no_content",""],["creative","pref_text","preface"],["creative","pref_text","preface"],["creative","pref_text","preface"],["creative","pref_text","preface"],["factual","list",""],["factual","list",""],["factual","list",""],["factual","list",""],["factual","list",""],["factual","list",""]]
txu.059173007393573	[["mixed","cover","cover photo"],["no_content","no_content","barcode, stamp"],["no_content","no_content",""],["no_content","no_content",""],["factual","title",""],["no_content","no_content",""],["factual","title",""],["factual","pub_info",""],["factual","pub_info",""],["no_content","no_content",""],["factual","list",""],["no_content","no_content",""],["creative","pref_text","introduction"],["creative","pref_text","introduction"],["creative","pref_text","introduction"],["creative","pref_text","introduction"],["creative","pref_text","introduction"],["no_content","no_content",""],["creative","pref_text","preface"],["creative","pref_text","preface"]]
txu.059173016483258	[["mixed","cover","cover art"],["no_content","no_content","barcode, stamp"],["no_content","no_content","due date slip"],["no_content","no_content",""],["factual","dedication",""],["creative","image",""],["creative","main_text",""],["creative","image",""],["creative","main_text",""],["creative","image",""],["creative","main_text",""],["creative","image",""],["creative","main_text",""],["creative","image",""],["creative","main_text",""],["creative","image",""],["creative","main_text",""],["creative","image",""],["creative","main_text",""],["creative","image",""]]
txu.059173018160588	[["factual","cover",""],["no_content","no_content","stamp, cutter"],["no_content","no_content",""],["no_content","no_content",""],["mixed","cover","cover art"],["no_content","no_content",""],["factual","title",""],["no_content","no_content",""],["factual","title",""],["no_content","no_content",""],["factual","title",""],["factual","pub_info",""],["creative","dedication",""],["no_content","no_content",""],["factual","list",""],["no_content","no_content",""],["factual","title",""],["no_content","no_content",""],["creative","main_text",""],["creative","main_text",""]]
uc1.31822001855022	[["mixed","cover","cover photo"],["no_content","no_content","stamp"],["no_content","no_content","due date slip"],["no_content","no_content",""],["factual","title",""],["creative","image",""],["factual","title",""],["creative","pref_text","testimony"],["creative","image",""],["no_content","no_content",""],["creative","image",""],["creative","main_text",""],["creative","image",""],["creative","image",""],["creative","image",""],["creative","image",""],["creative","image",""],["creative","main_text",""],["creative","image",""],["creative","image",""]]
uc1.31822008369365	[["no_content","no_content","barcode"],["no_content","no_content","endpaper"],["no_content","no_content","barcode"],["no_content","no_content",""],["no_content","no_content",""],["no_content","no_content",""],["factual","list",""],["factual","appendix",""],["creative","main_text",""],["creative","main_text",""],["creative","main_text",""],["creative","main_text",""],["creative","main_text",""],["creative","main_text",""],["mixed","main_text","half page data"],["factual","main_text","data table"],["factual","main_text","data table"],["factual","main_text","data table"],["factual","main_text","data table"],["factual","main_text","data table"]]
uc1.b4377662	[["mixed","cover","cover art"],["no_content","no_content",""],["no_content","no_content",""],["no_content","no_content",""],["factual","title",""],["creative","image",""],["factual","title",""],["factual","pub_info",""],["creative","pref_text","foreword"],["creative","pref_text","preface"],["creative","pref_text","preface"],["creative","pref_text","preface"],["factual","list",""],["factual","pub_info",""],["creative","main_text",""],["creative","main_text",""],["creative","main_text",""],["no_content","no_content",""],["creative","main_text",""],["creative","image",""]]
uc1.b5135658	[["no_content","no_content","barcode"],["no_content","no_content",""],["no_content","no_content",""],["no_content","no_content",""],["no_content","no_content","stamp"],["factual","appendix","manuscript instructions"],["factual","title",""],["factual","list",""],["creative","main_text",""],["creative","main_text",""],["creative","main_text",""],["creative","main_text",""],["creative","main_text",""],["creative","main_text",""],["creative","main_text",""],["creative","main_text",""],["creative","image","map"],["creative","image","map"],["creative","main_text",""],["creative","main_text",""]]
uc1.c024779678	[["factual","cover",""],["no_content","no_content","scan bed"],["factual","title",""],["no_content","no_content",""],["factual","title",""],["no_content","no_content",""],["factual","list",""],["no_content","no_content",""],["factual","list",""],["no_content","no_content",""],["factual","list",""],["no_content","no_content",""],["creative","pref_text","preface"],["no_content","no_content",""],["creative","pref_text","preface"],["no_content","no_content",""],["creative","pref_text",""],["no_content","no_content",""],["factual","main_text","data list"],["no_content","no_content",""]]
uc1.l0050889179	[["no_content","no_content","binding, library label"],["no_content","no_content","binding"],["mixed","cover","cover photo"],["creative","ad",""],["creative","ad",""],["creative","image","headshots with bios"],["creative","image","headshots with bios"],["creative","image","headshots with bios"],["creative","ad",""],["creative","image","headshots with bios"],["creative","ad",""],["creative","image","headshots with bios"],["creative","ad",""],["creative","image","headshots with bios"],["creative","ad",""],["creative","ad",""],["creative","ad",""],["creative","image","headshots with bios"],["creative","ad",""],["creative","image","headshots with bios"]]
umn.31951d00671700a	[["factual","cover",""],["no_content","no_content","bookplate"],["no_content","no_content",""],["no_content","no_content",""],["factual","title",""],["no_content","no_content",""],["creative","pref_text","preface"],["no_content","no_content",""],["factual","list",""],["factual","list",""],["factual","list",""],["factual","list",""],["creative","main_text",""],["creative","main_text",""],["creative","main_text",""],["creative","main_text",""],["creative","main_text",""],["creative","main_text",""],["creative","main_text",""],["creative","main_text",""]]
uva.x004100748	[["no_content","no_content","binding"],["no_content","no_content","stamp"],["no_content","no_content",""],["no_content","no_content",""],["no_content","no_content",""],["no_content","no_content",""],["no_content","no_content",""],["no_content","no_content",""],["factual","title",""],["factual","pub_info",""],["creative","pref_text","preface"],["no_content","no_content","cutter"],["factual","title",""],["no_content","no_content",""],["creative","main_text",""],["creative","main_text",""],["creative","main_text",""],["creative","main_text",""],["factual","main_text","references"],["no_content","no_content",""]]
uva.x006070885	[["factual","cover",""],["factual","appendix",""],["factual","pub_info",""],["creative","pref_text","abstract"],["factual","pub_info",""],["creative","pref_text","summary"],["creative","pref_text","summary"],["no_content","no_content",""],["creative","main_text",""],["creative","main_text",""],["creative","main_text",""],["factual","main_text","data table"],["creative","main_text",""],["creative","main_text",""],["creative","main_text",""],["creative","main_text",""],["creative","main_text",""],["factual","appendix",""],["factual","appendix",""],["factual","appendix",""]]
wu.89069554673	[["mixed","cover","cover art"],["no_content","no_content","stamp"],["factual","title",""],["factual","pub_info",""],["creative","pref_text","abstract"],["no_content","no_content",""],["factual","list",""],["no_content","no_content",""],["creative","pref_text","preface"],["creative","pref_text","preface"],["creative","pref_text","preface"],["no_content","no_content",""],["factual","pref_text","disclaimer"],["no_content","no_content",""],["creative","image",""],["creative","image",""],["creative","image",""],["creative","image",""],["creative","image",""],["creative","image",""]]
wu.89089212153	[["factual","cover",""],["no_content","no_content","stamp"],["factual","title",""],["factual","pub_info",""],["factual","pub_info",""],["factual","pub_info",""],["factual","dedication",""],["no_content","no_content",""],["factual","list",""],["no_content","no_content",""],["creative","pref_text","preface"],["creative","pref_text","preface"],["creative","pref_text","preface"],["creative","pref_text","preface"],["creative","pref_text","thanks"],["creative","main_text",""],["creative","main_text",""],["creative","main_text",""],["creative","main_text",""],["creative","main_text",""]]
coo.31924000609150	[["no_content","no_content","binding"],["no_content","no_content","stamp"],["no_content","no_content","barcode, due date slip"],["no_content","no_content",""],["mixed","cover","cover design"],["no_content","no_content",""],["factual","title",""],["no_content","no_content","cutter"],["factual","pub_info",""],["no_content","no_content",""],["factual","list",""],["factual","list",""],["factual","list",""],["factual","list",""],["factual","list",""],["factual","list",""],["factual","list",""],["no_content","no_content",""],["factual","pub_info",""],["no_content","no_content",""]]
coo.31924002897555	[["mixed","cover","cover illustration"],["no_content","no_content","bookplate"],["factual","pub_info",""],["no_content","no_content",""],["factual","title",""],["factual","pub_info",""],["factual","list",""],["factual","list",""],["creative","pref_text","preface"],["creative","pref_text","preface"],["creative","pref_text","preface"],["creative","pref_text","preface"],["creative","pref_text","preface"],["no_content","no_content",""],["creative","main_text",""],["creative","main_text",""],["creative","main_text",""],["creative","main_text",""],["creative","main_text",""],["creative","main_text",""]]
coo.31924003155128	[["no_content","no_content","binding"],["no_content","no_content","bookplate"],["no_content","no_content","due date slip, barcode"],["no_content","no_content",""],["no_content","no_content",""],["no_content","no_content",""],["factual","pub_info",""],["no_content","no_content",""],["factual","title",""],["no_content","no_content","cutter"],["creative","pref_text","acknowlegments"],["no_content","no_content",""],["creative","pref_text","acknowlegments"],["no_content","no_content",""],["factual","list",""],["no_content","no_content",""],["factual","list",""],["no_content","no_content",""],["factual","list",""],["no_content","no_content",""]]
coo.31924003668310	[["no_content","no_content","barcode"],["no_content","no_content","bookplate"],["no_content","no_content",""],["no_content","no_content",""],["no_content","no_content",""],["no_content","no_content",""],["factual","cover",""],["factual","ad",""],["factual","title",""],["factual","list",""],["factual","appendix","data chart"],["factual","appendix",""],["factual","appendix",""],["creative","main_text",""],["creative","main_text",""],["creative","main_text",""],["creative","main_text",""],["creative","main_text",""],["creative","main_text",""],["creative","main_text",""]]
coo.31924074717806	[["no_content","no_content","binding"],["no_content","no_content","stamp"],["no_content","no_content","barcode, due date slip"],["no_content","no_content",""],["mixed","cover","cover art"],["creative","ad",""],["creative","ad",""],["mixed","list","also includes image"],["creative","ad",""],["creative","main_text","pub info on same page as editorial"],["creative","ad",""],["creative","main_text",""],["creative","ad",""],["creative","main_text",""],["creative","ad",""],["creative","main_text",""],["creative","ad",""],["creative","main_text",""],["creative","ad",""],["creative","main_text",""]]
coo.31924082803879	[["mixed","cover","cover image"],["no_content","no_content","bookplate"],["factual","title",""],["factual","pub_info",""],["creative","pref_text","introduction"],["no_content","no_content",""],["factual","list",""],["factual","list",""],["factual","list",""],["factual","list",""],["factual","list",""],["factual","list",""],["factual","list",""],["factual","list",""],["factual","list",""],["factual","list",""],["factual","list",""],["factual","list",""],["factual","list",""],["factual","list",""]]
coo.31924098431772	[["factual","cover",""],["no_content","no_content",""],["factual","title",""],["factual","image","diagrams"],["factual","appendix",""],["factual","appendix",""],["factual","list",""],["factual","list",""],["creative","main_text",""],["creative","main_text",""],["creative","main_text",""],["creative","main_text",""],["creative","main_text",""],["creative","main_text",""],["creative","main_text",""],["creative","main_text",""],["creative","main_text",""],["mixed","main_text","also references"],["factual","appendix","table"],["factual","appendix","table"]]
ien.35556019561109	[["no_content","no_content","binding"],["no_content","no_content","stamp"],["no_content","no_content",""],["no_content","no_content",""],["factual","title",""],["factual","pub_info",""],["creative","epigraph",""],["creative","image",""],["creative","main_text",""],["creative","pref_text",""],["creative","pref_text",""],["creative","pref_text",""],["creative","pref_text","foreword"],["creative","pref_text","foreword"],["creative","pref_text","foreword"],["creative","main_text",""],["creative","main_text",""],["creative","main_text",""],["creative","main_text",""],["creative","main_text",""]]
inu.30000053359323	[["mixed","cover","cover design"],["no_content","no_content",""],["no_content","no_content",""],["no_content","no_content",""],["factual","title",""],["no_content","no_content","cutter"],["factual","pref_text",""],["factual","appendix",""],["creative","pref_text",""],["creative","pref_text",""],["creative","main_text",""],["creative","main_text",""],["creative","main_text",""],["creative","main_text",""],["creative","main_text",""],["creative","main_text",""],["creative","main_text",""],["creative","main_text",""],["creative","main_text",""],["creative","main_text",""]]
inu.30000071199974	[["no_content","no_content","binding"],["no_content","no_content",""],["no_content","no_content",""],["no_content","no_content",""],["no_content","no_content",""],["no_content","no_content",""],["creative","image","cartoon, main text"],["creative","main_text",""],["creative","main_text",""],["factual","ad","job ad"],["creative","main_text",""],["creative","main_text",""],["creative","main_text",""],["factual","ad","job ad"],["creative","main_text",""],["factual","ad","notice of offers"],["creative","main_text",""],["creative","main_text",""],["creative","image","cartoon, main text"],["creative","main_text",""]]
inu.30000093213100	[["no_content","no_content","binding"],["no_content","no_content","bookplate"],["no_content","no_content",""],["no_content","no_content",""],["no_content","no_content",""],["no_content","no_content",""],["mixed","cover","cover art"],["creative","ad",""],["creative","ad",""],["creative","ad",""],["creative","ad",""],["creative","ad",""],["creative","ad",""],["creative","ad",""],["creative","ad",""],["factual","list",""],["creative","ad",""],["creative","ad",""],["creative","main_text","letters to editor"],["creative","ad",""]]
inu.30000117802862	[["no_content","no_content","binding"],["no_content","no_content","stamp"],["no_content","no_content",""],["no_content","no_content",""],["no_content","no_content",""],["no_content","no_content",""],["factual","cover",""],["factual","pub_info",""],["creative","main_text",""],["creative","main_text",""],["creative","main_text",""],["creative","main_text",""],["creative","main_text",""],["creative","main_text",""],["creative","main_text",""],["creative","main_text",""],["creative","main_text",""],["creative","main_text",""],["creative","main_text",""],["creative","main_text",""]]
inu.39000003815680	[["no_content","no_content","binding"],["no_content","no_content",""],["no_content","no_content",""],["no_content","no_content",""],["no_content","no_content",""],["no_content","no_content",""],["factual","title",""],["no_content","no_content",""],["factual","title",""],["factual","pub_info",""],["factual","dedication",""],["no_content","no_content",""],["creative","pref_text","introduction"],["creative","pref_text","introduction"],["factual","title",""],["no_content","no_content",""],["creative","main_text",""],["creative","main_text",""],["creative","main_text",""],["creative","main_text",""]]
mdp.35112102000397	[["no_content","no_content","binding"],["no_content","no_content","page not available"],["no_content","no_content","page not available"],["no_content","no_content","bookplate"],["no_content","no_content",""],["no_content","no_content",""],["factual","title",""],["no_content","no_content",""],["factual","title",""],["factual","pub_info",""],["factual","list",""],["factual","list",""],["factual","list",""],["factual","list",""],["factual","list",""],["factual","list",""],["factual","list",""],["factual","list",""],["factual","list",""],["factual","list",""]]
mdp.35112102036417	[["creative","cover","embossed logo"],["no_content","no_content","bookplate"],["no_content","no_content","cutter"],["no_content","no_content",""],["factual","title",""],["factual","pub_info",""],["factual","title",""],["no_content","no_content",""],["factual","list",""],["no_content","no_content",""],["creative","pref_text","introductory note"],["no_content","no_content",""],["factual","title",""],["no_content","no_content",""],["creative","main_text",""],["creative","main_text",""],["creative","main_text",""],["creative","main_text",""],["creative","main_text",""],["creative","main_text",""]]
mdp.35128001661634	[["no_content","no_content","binding"],["no_content","no_content","stamp"],["no_content","no_content",""],["no_content","no_content",""],["no_content","no_content",""],["no_content","no_content",""],["factual","cover",""],["no_content","no_content",""],["factual","list",""],["creative","main_text",""],["creative","main_text",""],["creative","main_text",""],["creative","main_text",""],["creative","main_text",""],["creative","main_text",""],["creative","main_text",""],["creative","main_text",""],["creative","main_text",""],["creative","main_text",""],["creative","main_text",""]]
mdp.39015001777328	[["factual","cover",""],["no_content","no_content","stamp"],["no_content","no_content",""],["no_content","no_content",""],["factual","title",""],["no_content","no_content",""],["factual","title",""],["factual","pub_info",""],["factual","list",""],["no_content","no_content",""],["creative","pref_text",""],["no_content","no_content",""],["creative","main_text",""],["creative","main_text",""],["creative","main_text",""],["creative","main_text",""],["creative","main_text",""],["creative","main_text",""],["creative","main_text",""],["creative","main_text",""]]
mdp.39015003325753	[["factual","title",""],["no_content","no_content","stamp"],["no_content","no_content",""],["no_content","no_content",""],["factual","title",""],["creative","image",""],["factual","title",""],["factual","pub_info",""],["factual","title",""],["creative","pref_text","preface"],["creative","pref_text","preface"],["creative","image","photo accompanies text"],["creative","image","photo accompanies text"],["creative","main_text",""],["factual","title",""],["no_content","no_content",""],["creative","image",""],["creative","image",""],["creative","image",""],["creative","ad",""]]
mdp.39015005450229	[["no_content","no_content","cutter"],["no_content","no_content","stamp"],["factual","cover","cover design"],["factual","ad",""],["factual","title",""],["factual","pub_info",""],["creative","pref_text","preface"],["no_content","no_content",""],["factual","list",""],["factual","list",""],["creative","main_text",""],["creative","main_text",""],["creative","main_text",""],["creative","main_text",""],["creative","main_text",""],["creative","main_text",""],["creative","main_text",""],["factual","main_text","data table"],["factual","main_text","data tables"],["factual","main_text","data charts"]]
mdp.39015005828242	[["no_content","no_content","binding"],["no_content","no_content","bookplate"],["no_content","no_content",""],["no_content","no_content",""],["no_content","no_content","cutter"],["no_content","no_content",""],["factual","title",""],["factual","pub_info",""],["factual","title",""],["no_content","no_content",""],["factual","list",""],["factual","list",""],["factual","list",""],["factual","list",""],["factual","list",""],["factual","list",""],["factual","list",""],["factual","list",""],["factual","title",""],["no_content","no_content",""]]
mdp.39015007149811	[["no_content","no_content","page not available"],["no_content","no_content","scan bed"],["no_content","no_content","binding"],["no_content","no_content","stamp"],["no_content","no_content",""],["no_content","no_content",""],["factual","title",""],["factual","appendix",""],["factual","title",""],["factual","pub_info",""],["factual","list",""],["factual","list",""],["factual","list",""],["factual","list",""],["factual","appendix",""],["no_content","no_content",""],["factual","pub_info",""],["factual","pub_info",""],["creative","pref_text","preface"],["creative","pref_text","preface"]]
mdp.39015007791562	[["no_content","no_content","binding"],["no_content","no_content","stamp"],["factual","ad",""],["no_content","no_content","cutter"],["creative","main_text","musical score"],["creative","main_text","musical score"],["creative","main_text","musical score"],["creative","main_text","musical score"],["creative","main_text","musical score"],["creative","main_text","musical score"],["creative","main_text","musical score"],["creative","main_text","musical score"],["creative","main_text","musical score"],["creative","main_text","musical score"],["creative","main_text","musical score"],["creative","main_text","musical score"],["no_content","no_content","musical score"],["creative","pref_text","foreword"],["no_content","no_content",""],["no_content","no_content","binding"]]
mdp.39015009104640	[["mixed","cover","cover design"],["no_content","no_content","stamp"],["no_content","no_content","date"],["no_content","no_content",""],["factual","title",""],["factual","pub_info",""],["creative","image",""],["no_content","no_content",""],["factual","pub_info","errata"],["no_content","no_content",""],["factual","appendix",""],["no_content","no_content",""],["factual","appendix","bibliography"],["no_content","no_content",""],["creative","pref_text","acknowledgments"],["no_content","no_content",""],["creative","pref_text","foreword"],["no_content","no_content",""],["factual","dedication",""],["no_content","no_content",""]]
mdp.39015009119903	[["mixed","cover","cover design"],["factual","pub_info",""],["factual","title",""],["factual","pub_info",""],["factual","appendix",""],["creative","pref_text","preface"],["creative","pref_text","preface"],["no_content","no_content",""],["factual","title",""],["no_content","no_content",""],["creative","main_text",""],["creative","main_text",""],["creative","main_text",""],["creative","main_text",""],["creative","main_text",""],["creative","main_text",""],["creative","main_text",""],["creative","main_text",""],["creative","main_text",""],["creative","main_text",""]]
mdp.39015011986513	[["no_content","no_content","binding"],["no_content","no_content","endpaper"],["no_content","no_content","endpaper"],["no_content","no_content",""],["no_content","no_content",""],["no_content","no_content",""],["factual","cover",""],["factual","pub_info",""],["factual","list",""],["factual","list",""],["factual","appendix",""],["no_content","no_content",""],["creative","pref_text","notice to authors"],["creative","pref_text","notice to authors"],["creative","main_text",""],["creative","main_text",""],["creative","main_text",""],["factual","main_text","data table"],["creative","main_text",""],["no_content","no_content",""]]
mdp.39015013453447	[["no_content","no_content","binding"],["no_content","no_content","stamp"],["no_content","no_content",""],["no_content","no_content",""],["factual","title",""],["factual","pub_info",""],["factual","title",""],["factual","pub_info",""],["factual","list",""],["factual","appendix",""],["creative","pref_text","preface"],["creative","pref_text","preface"],["creative","pref_text","introduction"],["creative","pref_text","introduction"],["creative","pref_text","introduction"],["creative","pref_text","introduction"],["creative","pref_text","introduction"],["creative","pref_text","introduction"],["creative","pref_text","introduction"],["creative","pref_text","introduction"]]
mdp.39015018404676	[["no_content","no_content","binding"],["no_content","no_content","stamp"],["no_content","no_content",""],["no_content","no_content",""],["factual","title",""],["factual","pub_info",""],["creative","pref_text","preface"],["no_content","no_content",""],["factual","list",""],["no_content","no_content",""],["factual","list",""],["factual","list",""],["creative","pref_text","acknowledgments"],["creative","pref_text","acknowledgments"],["factual","title",""],["no_content","no_content",""],["creative","main_text",""],["creative","main_text",""],["creative","main_text",""],["creative","main_text",""]]
mdp.39015019335911	[["no_content","no_content","page not available"],["no_content","no_content","endpaper"],["no_content","no_content","endpaper"],["no_content","no_content",""],["no_content","no_content",""],["no_content","no_content",""],["factual","title",""],["mixed","pub_info","pub info, manuscript submission instructions"],["factual","list",""],["factual","list",""],["factual","list",""],["no_content","no_content",""],["creative","main_text",""],["creative","main_text",""],["creative","main_text",""],["creative","main_text",""],["creative","main_text",""],["creative","main_text",""],["creative","main_text",""],["creative","main_text",""]]
mdp.39015021824530	[["mixed","cover","cover illustration"],["no_content","no_content","stamp"],["factual","title",""],["no_content","no_content",""],["factual","title",""],["no_content","no_content",""],["creative","main_text",""],["creative","main_text",""],["creative","main_text",""],["creative","main_text",""],["creative","main_text",""],["creative","main_text",""],["creative","main_text",""],["creative","main_text",""],["creative","main_text",""],["creative","main_text",""],["creative","main_text",""],["creative","main_text",""],["creative","main_text",""],["creative","main_text",""]]
mdp.39015024866918	[["no_content","no_content",""],["no_content","no_content","stamp, fingers"],["no_content","no_content","fingers"],["no_content","no_content","stamp"],["no_content","no_content",""],["no_content","no_content",""],["no_content","no_content",""],["no_content","no_content",""],["factual","title",""],["factual","pub_info",""],["creative","pref_text","book review"],["factual","appendix","list of actors"],["creative","main_text",""],["creative","main_text",""],["creative","main_text",""],["creative","main_text",""],["creative","main_text",""],["creative","main_text",""],["creative","main_text",""],["creative","main_text",""]]
mdp.39015024934005	[["factual","cover",""],["no_content","no_content","stamp"],["no_content","no_content",""],["no_content","no_content",""],["factual","pub_info",""],["factual","ad",""],["factual","title",""],["factual","pub_info",""],["factual","appendix",""],["no_content","no_content",""],["creative","pref_text","preface"],["no_content","no_content",""],["factual","list",""],["factual","list",""],["factual","list",""],["factual","list",""],["factual","list",""],["no_content","no_content",""],["factual","appendix",""],["factual","appendix",""]]
mdp.39015028376856	[["factual","image","signature"],["no_content","no_content","stamp"],["no_content","no_content",""],["no_content","no_content",""],["creative","image","logo"],["no_content","no_content",""],["factual","title",""],["no_content","no_content",""],["factual","title",""],["no_content","no_content","cutter"],["creative","main_text",""],["creative","main_text",""],["creative","main_text",""],["creative","main_text",""],["creative","main_text",""],["creative","main_text",""],["creative","main_text",""],["creative","main_text",""],["creative","main_text",""],["creative","main_text",""]]
mdp.39015029140509	[["factual","cover",""],["no_content","no_content","stamp"],["no_content","no_content",""],["no_content","no_content",""],["creative","epigraph",""],["no_content","no_content",""],["factual","title",""],["no_content","no_content",""],["factual","image","signature"],["creative","image",""],["factual","title",""],["factual","pub_info",""],["creative","main_text",""],["creative","main_text",""],["creative","main_text",""],["creative","main_text",""],["creative","main_text",""],["creative","main_text",""],["creative","image",""],["factual","image","1806 legal document"]]
mdp.39015030651031	[["no_content","no_content","scan bed"],["no_content","no_content","stamp"],["no_content","no_content",""],["no_content","no_content",""],["factual","title",""],["factual","ad",""],["factual","title",""],["factual","pub_info",""],["creative","pref_text","foreword"],["no_content","no_content",""],["factual","list",""],["factual","list",""],["factual","list",""],["factual","list",""],["creative","main_text",""],["creative","main_text",""],["creative","main_text",""],["creative","main_text",""],["creative","main_text",""],["creative","main_text",""]]
mdp.39015031974739	[["no_content","no_content","cutter"],["no_content","no_content","bookplate"],["no_content","no_content",""],["no_content","no_content",""],["no_content","no_content",""],["no_content","no_content",""],["mixed","cover","cover painting, public domain"],["creative","ad",""],["factual","title",""],["factual","ad",""],["factual","title",""],["factual","pub_info",""],["factual","list",""],["factual","list",""],["creative","main_text",""],["creative","main_text",""],["creative","main_text",""],["creative","main_text",""],["creative","main_text",""],["creative","main_text",""]]
mdp.39015033518179	[["no_content","no_content","page not available"],["no_content","no_content",""],["no_content","no_content",""],["no_content","no_content",""],["no_content","no_content",""],["creative","ad",""],["mixed","list","main text shares page with contents list"],["creative","main_text",""],["creative","ad",""],["creative","ad",""],["creative","ad",""],["creative","main_text",""],["creative","ad",""],["creative","ad",""],["creative","ad",""],["creative","main_text",""],["creative","ad",""],["creative","ad",""],["creative","ad",""],["creative","main_text",""]]
mdp.39015035926560	[["no_content","no_content","binding"],["no_content","no_content","endpaper"],["no_content","no_content","endpaper"],["no_content","no_content",""],["no_content","no_content",""],["no_content","no_content",""],["factual","title",""],["creative","ad",""],["mixed","list","main text shares same page with list of contents"],["creative","main_text",""],["creative","main_text",""],["creative","main_text",""],["creative","main_text",""],["creative","image","cartoon accompanies text"],["creative","main_text",""],["creative","main_text",""],["creative","main_text",""],["creative","main_text",""],["creative","main_text",""],["creative","main_text",""]]
mdp.39015036764267	[["no_content","no_content","page not available"],["no_content","no_content","endpaper"],["no_content","no_content","endpaper"],["no_content","no_content",""],["no_content","no_content",""],["no_content","no_content",""],["factual","cover",""],["creative","ad",""],["factual","pub_info","also list of contents"],["factual","pub_info",""],["creative","main_text",""],["creative","main_text",""],["creative","main_text",""],["creative","main_text",""],["creative","main_text",""],["creative","main_text",""],["creative","main_text",""],["creative","main_text",""],["creative","main_text",""],["creative","main_text",""]]
mdp.39015038580331	[["factual","cover",""],["no_content","no_content","stamp"],["factual","title",""],["no_content","no_content",""],["factual","title",""],["factual","pub_info",""],["factual","list",""],["no_content","no_content",""],["factual","appendix",""],["no_content","no_content",""],["creative","pref_text","preface"],["creative","pref_text","preface"],["creative","image","photograph accompanies text"],["creative","main_text",""],["creative","main_text",""],["creative","image","cartoon accompanies text"],["creative","main_text",""],["creative","main_text",""],["creative","main_text",""],["creative","main_text",""]]
mdp.39015039814895	[["no_content","no_content","binding"],["no_content","no_content","stamp"],["no_content","no_content","stamp"],["no_content","no_content","stamp"],["creative","image","seal of state of Iowa"],["no_content","no_content","stamp"],["creative","image","seal of State of Iowa"],["no_content","no_content",""],["factual","title",""],["no_content","no_content",""],["factual","list",""],["no_content","no_content",""],["factual","pref_text","letter of transmittal"],["factual","image","line map"],["factual","appendix",""],["factual","appendix",""],["factual","title",""],["no_content","no_content",""],["factual","title",""],["creative","main_text",""]]
mdp.39015043028771	[["mixed","cover","cover photo"],["no_content","no_content","stamp"],["factual","title",""],["creative","pref_text","book review, pub info"],["creative","main_text",""],["creative","main_text",""],["creative","main_text",""],["creative","poem",""],["creative","main_text",""],["creative","main_text",""],["creative","main_text",""],["creative","image","map"],["creative","image","topographical map"],["creative","main_text",""],["creative","main_text",""],["creative","main_text",""],["creative","main_text",""],["creative","main_text",""],["creative","main_text",""],["creative","image","map"]]
mdp.39015047754083	[["no_content","no_content","binding"],["no_content","no_content","bookplate"],["no_content","no_content","cutter"],["no_content","no_content",""],["factual","title",""],["no_content","no_content",""],["no_content","no_content",""],["creative","image",""],["factual","title",""],["factual","pub_info",""],["factual","list",""],["no_content","no_content",""],["factual","list",""],["no_content","no_content",""],["creative","epigraph",""],["no_content","no_content",""],["creative","main_text",""],["creative","main_text",""],["creative","main_text",""],["creative","main_text",""]]
mdp.39015047830479	[["factual","cover",""],["no_content","no_content","stamp"],["no_content","no_content",""],["no_content","no_content",""],["factual","title",""],["no_content","no_content","cutter"],["factual","appendix",""],["factual","appendix",""],["factual","appendix",""],["factual","pub_info",""],["factual","list",""],["factual","list",""],["creative","main_text",""],["creative","main_text",""],["creative","main_text",""],["creative","main_text",""],["creative","main_text",""],["creative","main_text",""],["creative","main_text",""],["creative","main_text",""]]
mdp.39015049877510	[["no_content","no_content","cutter"],["no_content","no_content",""],["factual","cover",""],["no_content","no_content","stamp"],["factual","title",""],["factual","pub_info",""],["creative","pref_text","introduction"],["creative","pref_text","introduction"],["creative","pref_text","introduction"],["creative","pref_text","introduction"],["creative","pref_text","introduction"],["creative","pref_text","introduction"],["creative","pref_text","introduction"],["creative","pref_text","introduction"],["creative","main_text",""],["creative","main_text",""],["creative","main_text",""],["creative","main_text",""],["creative","main_text",""],["creative","main_text",""]]
mdp.39015051246596	[["no_content","no_content","binding"],["no_content","no_content","stamp"],["no_content","no_content",""],["no_content","no_content",""],["factual","cover",""],["factual","appendix",""],["factual","title",""],["factual","pub_info",""],["factual","list",""],["factual","list",""],["factual","list",""],["factual","list",""],["creative","pref_text","preface"],["factual","appendix",""],["creative","main_text",""],["creative","main_text",""],["creative","main_text",""],["creative","main_text",""],["creative","main_text",""],["creative","main_text",""]]
mdp.39015057574439	[["factual","cover",""],["no_content","no_content","stamp"],["no_content","no_content",""],["no_content","no_content",""],["factual","title",""],["creative","pref_text","about this book"],["factual","title",""],["factual","pub_info",""],["factual","list",""],["no_content","no_content",""],["factual","title",""],["creative","main_text",""],["creative","main_text",""],["creative","main_text",""],["creative","main_text",""],["creative","main_text",""],["creative","main_text",""],["creative","main_text",""],["creative","main_text",""],["creative","main_text",""]]
mdp.39015058495204	[["mixed","cover","cover design"],["no_content","no_content","stamp"],["no_content","no_content",""],["no_content","no_content",""],["factual","title",""],["factual","pub_info",""],["creative","image","illustration accompanies main text"],["creative","main_text",""],["creative","main_text",""],["creative","main_text",""],["creative","main_text",""],["creative","main_text",""],["creative","main_text",""],["creative","main_text",""],["creative","main_text",""],["creative","main_text",""],["creative","main_text",""],["creative","image","illustration accompanies main text"],["creative","main_text",""],["creative","main_text",""]]
mdp.39015061185057	[["mixed","cover","cover design"],["no_content","no_content",""],["no_content","no_content","barcode"],["no_content","no_content",""],["factual","title",""],["factual","pub_info",""],["factual","dedication",""],["no_content","no_content",""],["factual","list",""],["factual","list",""],["factual","list",""],["factual","list",""],["factual","list",""],["creative","pref_text","preface"],["creative","pref_text","preface"],["creative","pref_text","acknowlegments"],["creative","pref_text","overview"],["creative","pref_text","overview"],["creative","main_text",""],["creative","main_text",""]]
mdp.39015065264809	[["factual","cover",""],["creative","pref_text",""],["factual","appendix",""],["factual","appendix",""],["creative","main_text",""],["creative","main_text",""],["creative","main_text",""],["creative","main_text",""],["creative","main_text",""],["creative","main_text",""],["creative","main_text",""],["creative","main_text",""],["creative","main_text",""],["creative","main_text",""],["creative","main_text",""],["creative","main_text",""],["creative","main_text",""],["creative","main_text",""],["creative","main_text",""],["factual","main_text","data table"]]
mdp.39015069049768	[["factual","cover",""],["no_content","no_content","stamp"],["no_content","no_content",""],["no_content","no_content",""],["factual","title",""],["factual","pub_info",""],["factual","list",""],["factual","list",""],["factual","list",""],["factual","list",""],["factual","list",""],["no_content","no_content",""],["creative","main_text",""],["creative","main_text",""],["creative","main_text",""],["creative","main_text",""],["creative","main_text",""],["creative","main_text",""],["creative","main_text",""],["creative","main_text",""]]
mdp.39015069305236	[["factual","cover","cover design"],["no_content","no_content","stamp"],["no_content","no_content",""],["no_content","no_content",""],["factual","pub_info",""],["no_content","no_content",""],["factual","title",""],["factual","pub_info",""],["factual","title",""],["factual","pref_text","facts"],["creative","image","map"],["no_content","no_content",""],["factual","title",""],["no_content","no_content",""],["creative","main_text",""],["creative","main_text",""],["creative","main_text",""],["creative","main_text",""],["creative","epigraph","and main text"],["creative","poem",""]]
mdp.39015080129037	[["no_content","no_content","binding"],["no_content","no_content","stamp"],["no_content","no_content",""],["no_content","no_content",""],["no_content","no_content",""],["no_content","no_content",""],["mixed","title","cover art"],["creative","ad",""],["creative","ad",""],["creative","ad",""],["factual","list",""],["creative","main_text",""],["creative","ad",""],["creative","main_text",""],["creative","main_text",""],["creative","image","photos accompany text"],["creative","main_text",""],["creative","ad",""],["creative","ad",""],["creative","ad",""]]
mdp.39015080180766	[["no_content","no_content","binding"],["no_content","no_content","bookplate"],["no_content","no_content",""],["no_content","no_content",""],["factual","title",""],["factual","title",""],["factual","title",""],["factual","pref_text","acknowledgments"],["factual","list",""],["creative","pref_text","foreword"],["creative","pref_text","foreword"],["creative","pref_text","foreword"],["creative","main_text",""],["creative","main_text",""],["creative","main_text",""],["creative","main_text",""],["creative","image",""],["creative","image",""],["creative","image",""],["creative","image",""]]
mdp.39076000264163	[["no_content","no_content","binding"],["no_content","no_content",""],["no_content","no_content",""],["no_content","no_content",""],["no_content","no_content",""],["no_content","no_content",""],["mixed","cover","cover design"],["creative","ad",""],["creative","ad",""],["creative","ad",""],["creative","ad",""],["factual","pub_info",""],["factual","list",""],["creative","main_text",""],["creative","main_text",""],["creative","main_text",""],["creative","main_text",""],["creative","main_text",""],["creative","main_text",""],["creative","main_text",""]]
nnc2.ark:/13960/t2w419b2b	[["mixed","cover","cover photo"],["creative","main_text",""],["creative","main_text",""],["creative","main_text",""],["creative","main_text",""],["creative","main_text",""],["creative","main_text",""],["creative","main_text",""],["creative","main_text","page seq ends at 8"],["creative","main_text","page seq ends at 8"],["creative","main_text","page seq ends at 8"],["creative","main_text","page seq ends at 8"],["creative","main_text","page seq ends at 8"],["creative","main_text","page seq ends at 8"],["creative","main_text","page seq ends at 8"],["creative","main_text","page seq ends at 8"],["creative","main_text","page seq ends at 8"],["creative","main_text","page seq ends at 8"],["creative","main_text","page seq ends at 8"],["creative","main_text","page seq ends at 8"]]
osu.32435030731681	[["factual","title",""],["no_content","no_content","scan bed"],["factual","title",""],["factual","main_text","directory listing"],["factual","main_text","directory listing"],["factual","main_text","directory listing"],["factual","main_text","directory listing"],["factual","main_text","directory listing"],["factual","main_text","directory listing"],["factual","main_text","directory listing"],["factual","main_text","directory listing"],["factual","main_text","directory listing"],["factual","main_text","directory listing"],["factual","main_text","directory listing"],["factual","main_text","directory listing"],["factual","main_text","directory listing"],["factual","main_text","directory listing"],["factual","main_text","list"],["factual","main_text","list"],["factual","main_text","list"]]
pst.000043139163	[["mixed","cover","cover art"],["factual","image","line map"],["factual","image","line map"],["no_content","no_content","stamp"],["factual","title",""],["no_content","no_content",""],["factual","title",""],["factual","pub_info",""],["factual","list",""],["factual","list",""],["factual","list",""],["factual","list",""],["factual","list",""],["factual","list",""],["factual","list",""],["factual","list",""],["creative","pref_text","preface"],["creative","pref_text","preface"],["creative","pref_text","preface"],["no_content","no_content",""]]
pst.000047198050	[["no_content","no_content","binding"],["no_content","no_content",""],["no_content","no_content",""],["no_content","no_content",""],["creative","main_text","title and main text on same page"],["creative","main_text","pub info and main text on same page"],["creative","main_text",""],["creative","main_text",""],["creative","main_text",""],["creative","main_text",""],["creative","main_text",""],["creative","main_text",""],["creative","main_text","title and main text on same page"],["creative","main_text","pub info and main text on same page"],["creative","main_text",""],["creative","main_text",""],["creative","main_text",""],["creative","main_text",""],["creative","main_text",""],["creative","main_text",""]]
pst.000048738675	[["no_content","no_content","binding"],["no_content","no_content","scan bed"],["no_content","no_content","binding"],["no_content","no_content","scan bed"],["no_content","no_content","binding"],["no_content","no_content","scan bed"],["no_content","no_content","binding"],["no_content","no_content","scan bed"],["no_content","no_content","binding"],["no_content","no_content","scan bed"],["no_content","no_content","binding"],["no_content","no_content","scan bed"],["no_content","no_content","binding"],["no_content","no_content","bookplate"],["no_content","no_content",""],["no_content","no_content",""],["no_content","no_content",""],["no_content","no_content",""],["mixed","cover","cover image"],["creative","ad",""]]
pst.000062623544	[["factual","cover",""],["no_content","no_content","bookplate"],["no_content","no_content",""],["no_content","no_content",""],["factual","pub_info",""],["factual","appendix",""],["factual","title",""],["factual","pub_info",""],["creative","pref_text","foreword"],["no_content","no_content",""],["factual","list",""],["factual","list",""],["creative","main_text",""],["creative","main_text",""],["creative","main_text",""],["creative","main_text",""],["creative","main_text",""],["creative","main_text",""],["creative","main_text",""],["creative","main_text",""]]
pst.000067221707	[["mixed","cover","cover photo"],["no_content","no_content",""],["factual","title",""],["factual","ad",""],["factual","title",""],["factual","pub_info",""],["factual","dedication",""],["creative","epigraph",""],["factual","list",""],["factual","list",""],["factual","list",""],["factual","list",""],["creative","pref_text","introduction"],["no_content","no_content",""],["creative","main_text",""],["creative","main_text",""],["creative","main_text",""],["creative","main_text",""],["creative","main_text",""],["creative","main_text",""]]
pst.000067696192	[["no_content","no_content","binding"],["no_content","no_content",""],["no_content","no_content",""],["no_content","no_content",""],["no_content","no_content",""],["no_content","no_content",""],["mixed","cover","cover art"],["creative","ad",""],["factual","list",""],["creative","ad",""],["creative","pref_text",""],["creative","image","news image, text"],["creative","main_text",""],["creative","ad",""],["creative","image","news image, text"],["creative","image","news image, text"],["creative","image","news image, text"],["creative","ad",""],["creative","ad",""],["creative","ad",""]]
txu.059172014482610	[["no_content","no_content","library binding"],["no_content","no_content","barcode, stamp"],["factual","title",""],["no_content","no_content",""],["creative","main_text",""],["creative","main_text",""],["creative","main_text",""],["creative","main_text",""],["creative","main_text",""],["creative","main_text",""],["creative","main_text",""],["creative","main_text",""],["creative","main_text",""],["no_content","no_content",""],["creative","main_text",""],["creative","main_text",""],["creative","main_text",""],["creative","main_text",""],["creative","main_text",""],["no_content","no_content",""]]
txu.059173019206119	[["factual","title","library binding"],["no_content","no_content","barcode, stamp"],["mixed","cover","cover design"],["no_content","no_content",""],["no_content","no_content",""],["no_content","no_content",""],["factual","title",""],["factual","pub_info",""],["factual","list",""],["factual","list",""],["factual","list",""],["no_content","no_content",""],["creative","main_text",""],["creative","main_text",""],["creative","main_text",""],["creative","main_text",""],["creative","main_text",""],["creative","main_text",""],["creative","main_text",""],["creative","main_text",""]]
txu.059173025424340	[["no_content","no_content","binding"],["no_content","no_content","stamp"],["no_content","no_content",""],["no_content","no_content",""],["no_content","no_content",""],["no_content","no_content",""],["mixed","cover","cover design"],["no_content","no_content",""],["no_content","no_content",""],["no_content","no_content",""],["factual","title",""],["factual","pub_info",""],["factual","title",""],["factual","pub_info",""],["creative","pref_text","about this book"],["no_content","no_content",""],["creative","main_text",""],["creative","main_text",""],["creative","main_text",""],["creative","main_text",""]]
uc1.$b151737	[["no_content","no_content",""],["no_content","no_content","endpaper"],["no_content","no_content","endpaper"],["no_content","no_content",""],["mixed","cover","cover design"],["creative","pref_text","book review"],["no_content","no_content",""],["factual","ad",""],["factual","title",""],["factual","pub_info",""],["mixed","title","illustration accompanies title"],["factual","pub_info",""],["factual","dedication",""],["no_content","no_content",""],["factual","dedication",""],["no_content","no_content",""],["factual","dedication",""],["no_content","no_content",""],["factual","list",""],["factual","list",""]]
uc1.$b471030	[["factual","cover",""],["no_content","no_content","bookplate"],["no_content","no_content",""],["no_content","no_content",""],["factual","title",""],["no_content","no_content",""],["factual","title",""],["factual","pub_info",""],["factual","list",""],["no_content","no_content",""],["creative","pref_text","foreword"],["creative","pref_text","foreword"],["creative","pref_text","introduction"],["creative","pref_text","introduction"],["creative","pref_text","introduction"],["creative","pref_text","introduction"],["creative","main_text",""],["creative","main_text",""],["creative","main_text",""],["creative","main_text",""]]
uc1.31822011835154	[["no_content","no_content","barcode"],["no_content","no_content",""],["no_content","no_content","due date slip"],["no_content","no_content",""],["factual","title",""],["no_content","no_content",""],["factual","title",""],["factual","pub_info",""],["creative","image",""],["factual","image","line map"],["creative","pref_text","preface"],["no_content","no_content",""],["creative","pref_text","memorial"],["creative","pref_text","memorial"],["creative","pref_text","memorial"],["creative","pref_text","memorial"],["creative","pref_text","memorial"],["creative","pref_text","memorial"],["factual","list",""],["factual","list",""]]
uc1.31822015051543	[["mixed","cover","cover design"],["creative","pref_text","about this book"],["factual","title","also barcode, due date slip"],["factual","appendix",""],["factual","title",""],["factual","pub_info",""],["factual","list",""],["no_content","no_content",""],["creative","pref_text","introduction"],["creative","pref_text","introduction"],["creative","pref_text","introduction"],["creative","pref_text","introduction"],["creative","pref_text","introduction"],["creative","pref_text","introduction"],["creative","pref_text","introduction"],["no_content","no_content",""],["factual","title",""],["no_content","no_content",""],["creative","main_text",""],["creative","main_text",""]]
uc1.31822016261281	[["factual","cover",""],["factual","pub_info",""],["factual","title",""],["no_content","no_content",""],["creative","pref_text","foreword"],["creative","pref_text","foreword"],["factual","list",""],["factual","list",""],["factual","title",""],["no_content","no_content",""],["factual","appendix",""],["factual","appendix",""],["factual","appendix",""],["factual","appendix",""],["factual","appendix",""],["factual","appendix",""],["factual","appendix",""],["no_content","no_content",""],["no_content","no_content",""],["no_content","no_content",""]]
uc1.31822020512521	[["no_content","no_content","barcode"],["no_content","no_content","endpaper"],["no_content","no_content","due date slip"],["no_content","no_content",""],["mixed","cover","photo cover"],["creative","ad",""],["creative","ad",""],["creative","ad",""],["creative","ad",""],["creative","ad",""],["creative","ad",""],["creative","ad",""],["creative","ad",""],["creative","ad",""],["factual","list",""],["creative","main_text",""],["creative","main_text",""],["creative","main_text",""],["creative","main_text",""],["creative","main_text",""]]
uc1.31822022961288	[["no_content","no_content","barcode"],["no_content","no_content",""],["no_content","no_content","barcode, due date slip"],["no_content","no_content",""],["factual","title",""],["factual","pub_info",""],["factual","list",""],["creative","pref_text","contributor bios"],["creative","pref_text","contributor bios"],["no_content","no_content",""],["creative","main_text",""],["creative","main_text",""],["creative","main_text",""],["creative","main_text",""],["creative","main_text",""],["creative","main_text",""],["creative","main_text",""],["creative","main_text",""],["factual","main_text","data table"],["creative","main_text","with data table"]]
uc1.31822030480289	[["no_content","no_content","binding"],["no_content","no_content",""],["no_content","no_content","barcode"],["no_content","no_content",""],["no_content","no_content","barcode"],["no_content","no_content",""],["no_content","no_content",""],["no_content","no_content",""],["mixed","cover","cover art"],["creative","ad",""],["creative","ad",""],["creative","ad",""],["factual","list","pub info"],["creative","ad",""],["creative","ad",""],["creative","main_text","letters to editor"],["creative","ad",""],["creative","image","architecture photo, main text"],["creative","ad",""],["creative","image","text accompanied by photo and painting reproduction"]]
uc1.a0002129930	[["no_content","no_content","binding"],["no_content","no_content","stamp"],["no_content","no_content",""],["no_content","no_content",""],["factual","title",""],["no_content","no_content",""],["factual","title",""],["factual","pub_info",""],["creative","main_text",""],["creative","main_text","mostly data charts and graphs"],["creative","main_text","mostly data charts and graphs"],["creative","main_text","mostly data charts and graphs"],["creative","main_text","mostly data charts and graphs"],["creative","main_text","mostly data charts and graphs"],["creative","main_text","mostly data charts and graphs"],["creative","main_text","mostly data charts"],["creative","main_text","mostly data charts and graphs"],["creative","main_text","mostly data charts and graphs"],["creative","main_text",""],["creative","main_text",""]]
uc1.b2861667	[["no_content","no_content","barcode"],["no_content","no_content","stamp"],["no_content","no_content",""],["no_content","no_content",""],["no_content","no_content",""],["no_content","no_content",""],["factual","title",""],["factual","appendix",""],["factual","list",""],["factual","list",""],["factual","main_text","data table"],["creative","pref_text",""],["creative","main_text",""],["creative","main_text",""],["creative","main_text",""],["creative","main_text",""],["factual","appendix",""],["factual","appendix",""],["factual","appendix",""],["factual","appendix",""]]
uc1.b2877084	[["factual","cover",""],["no_content","no_content","bookplate"],["no_content","no_content",""],["no_content","no_content",""],["factual","title",""],["no_content","no_content","cutter"],["creative","main_text",""],["creative","main_text",""],["creative","main_text",""],["creative","main_text",""],["creative","main_text",""],["creative","main_text",""],["creative","main_text",""],["creative","main_text",""],["creative","main_text",""],["creative","main_text",""],["creative","main_text",""],["creative","main_text",""],["creative","main_text",""],["creative","main_text",""]]
uc1.b3120725	[["factual","cover",""],["no_content","no_content","stamp"],["no_content","no_content",""],["no_content","no_content",""],["factual","title",""],["factual","pub_info",""],["creative","pref_text","foreword"],["creative","pref_text","foreword"],["creative","main_text",""],["creative","main_text",""],["creative","main_text",""],["creative","main_text",""],["creative","main_text",""],["creative","main_text",""],["creative","main_text",""],["creative","main_text",""],["creative","main_text",""],["creative","main_text",""],["creative","main_text",""],["creative","main_text",""]]
uc1.b3297401	[["no_content","no_content","barcode"],["no_content","no_content","stamp"],["no_content","no_content",""],["no_content","no_content",""],["no_content","no_content",""],["no_content","no_content",""],["factual","title",""],["factual","pref_text",""],["creative","epigraph",""],["no_content","no_content",""],["factual","list",""],["factual","list",""],["creative","poem",""],["creative","poem",""],["creative","poem",""],["creative","poem",""],["creative","poem",""],["creative","poem",""],["creative","poem",""],["creative","poem",""]]
uc1.b3311935	[["no_content","no_content","barcode"],["no_content","no_content","stamp"],["no_content","no_content",""],["no_content","no_content",""],["no_content","no_content",""],["no_content","no_content",""],["factual","title",""],["no_content","no_content","cutter"],["factual","title",""],["factual","pub_info",""],["factual","list",""],["factual","pref_text",""],["creative","main_text",""],["creative","main_text",""],["creative","main_text",""],["creative","main_text",""],["creative","main_text",""],["creative","main_text",""],["creative","main_text",""],["creative","main_text",""]]
uc1.b3446199	[["no_content","no_content","barcode"],["no_content","no_content","endpaper"],["no_content","no_content","endpaper"],["no_content","no_content",""],["factual","title",""],["no_content","no_content",""],["no_content","no_content",""],["no_content","no_content",""],["factual","pref_text",""],["no_content","no_content",""],["factual","title",""],["factual","pub_info",""],["factual","title",""],["no_content","no_content",""],["creative","main_text",""],["creative","main_text",""],["creative","main_text",""],["creative","main_text",""],["creative","main_text",""],["creative","main_text",""]]
uc1.b3525258	[["no_content","no_content","barcode"],["no_content","no_content","stamp"],["no_content","no_content",""],["no_content","no_content","cutter"],["factual","title",""],["factual","pub_info",""],["factual","list",""],["no_content","no_content",""],["creative","main_text",""],["creative","main_text",""],["creative","main_text",""],["creative","main_text",""],["creative","main_text",""],["creative","main_text",""],["creative","main_text",""],["creative","main_text",""],["creative","main_text",""],["mixed","main_text","also references"],["factual","appendix","references"],["no_content","no_content",""]]
uc1.b3549337	[["no_content","no_content","page not available"],["no_content","no_content","stamp"],["no_content","no_content","stamp"],["no_content","no_content",""],["no_content","no_content",""],["no_content","no_content",""],["factual","title",""],["factual","pub_info",""],["factual","title",""],["no_content","no_content",""],["creative","main_text",""],["creative","main_text",""],["creative","image",""],["factual","image","chart"],["creative","main_text",""],["creative","main_text",""],["creative","main_text",""],["creative","main_text",""],["creative","main_text",""],["creative","main_text",""]]
uc1.b3588864	[["no_content","no_content","barcode, cutter"],["no_content","no_content",""],["no_content","no_content",""],["no_content","no_content",""],["factual","title",""],["no_content","no_content",""],["no_content","no_content",""],["no_content","no_content",""],["factual","title",""],["no_content","no_content",""],["factual","title",""],["factual","pub_info",""],["creative","pref_text","preface"],["creative","pref_text","preface"],["creative","pref_text","preface"],["creative","pref_text","preface"],["creative","pref_text","preface"],["creative","pref_text","preface"],["creative","pref_text","preface"],["creative","pref_text","preface"]]
uc1.b3613505	[["no_content","no_content","barcode, cutter"],["no_content","no_content",""],["no_content","no_content",""],["no_content","no_content",""],["factual","title",""],["no_content","no_content",""],["factual","title",""],["no_content","no_content",""],["creative","pref_text","foreword"],["no_content","no_content",""],["factual","list",""],["factual","list",""],["creative","main_text",""],["creative","main_text",""],["creative","main_text",""],["creative","main_text",""],["creative","main_text",""],["creative","main_text",""],["creative","main_text",""],["creative","main_text",""]]
uc1.b3734795	[["factual","cover",""],["no_content","no_content","stamp"],["no_content","no_content",""],["no_content","no_content",""],["factual","pub_info",""],["factual","title",""],["factual","title",""],["factual","pub_info",""],["creative","pref_text","foreword"],["creative","pref_text","foreword"],["creative","pref_text","introduction"],["creative","pref_text","introduction"],["creative","pref_text","introduction"],["factual","appendix",""],["factual","main_text","data chart"],["factual","main_text","data chart"],["factual","main_text","data chart"],["factual","main_text","data chart"],["factual","main_text","data chart"],["factual","main_text","data chart"]]
uc1.b4262555	[["no_content","no_content","binding"],["no_content","no_content","stamp"],["no_content","no_content",""],["no_content","no_content",""],["factual","title",""],["factual","ad",""],["factual","title",""],["factual","pub_info",""],["factual","list",""],["factual","list",""],["creative","pref_text","introduction"],["creative","pref_text","introduction"],["no_content","no_content",""],["creative","epigraph",""],["creative","main_text",""],["creative","main_text",""],["creative","main_text",""],["creative","main_text",""],["creative","main_text",""],["creative","main_text",""]]
uc1.b4659321	[["no_content","no_content","binding"],["no_content","no_content",""],["no_content","no_content",""],["no_content","no_content",""],["factual","title",""],["factual","pub_info",""],["creative","pref_text","notice"],["no_content","no_content",""],["factual","list",""],["no_content","no_content",""],["factual","appendix",""],["factual","appendix",""],["factual","appendix",""],["factual","appendix",""],["factual","pref_text",""],["factual","pref_text",""],["creative","main_text",""],["creative","main_text",""],["creative","main_text",""],["creative","main_text",""]]
uc1.b4984722	[["no_content","no_content","binding"],["no_content","no_content","stamp"],["no_content","no_content",""],["no_content","no_content",""],["factual","title",""],["factual","pub_info",""],["no_content","no_content",""],["creative","image",""],["factual","appendix",""],["factual","appendix",""],["factual","appendix",""],["factual","appendix",""],["factual","appendix",""],["factual","appendix",""],["factual","appendix",""],["factual","appendix",""],["factual","appendix",""],["factual","appendix",""],["factual","appendix",""],["factual","appendix",""]]
uc1.b5116363	[["factual","cover",""],["no_content","no_content",""],["no_content","no_content",""],["no_content","no_content",""],["factual","title",""],["factual","pub_info",""],["factual","dedication",""],["no_content","no_content",""],["factual","list",""],["factual","list",""],["factual","list",""],["factual","list",""],["creative","pref_text","preface"],["creative","pref_text","preface"],["creative","pref_text","acknowledgments"],["no_content","no_content",""],["factual","title",""],["no_content","no_content",""],["creative","main_text",""],["creative","main_text",""]]
uc1.l0075873877	[["factual","cover",""],["no_content","no_content",""],["no_content","no_content",""],["no_content","no_content",""],["factual","title",""],["factual","pub_info",""],["creative","main_text",""],["creative","main_text",""],["creative","main_text",""],["creative","main_text",""],["creative","main_text",""],["creative","main_text",""],["creative","main_text",""],["creative","main_text",""],["creative","main_text",""],["creative","main_text",""],["creative","main_text",""],["no_content","no_content",""],["creative","main_text",""],["creative","main_text",""]]
uc1.l0081601254	[["no_content","no_content","binding"],["no_content","no_content","endpaper"],["no_content","no_content","endpaper"],["no_content","no_content",""],["no_content","no_content",""],["no_content","no_content",""],["factual","cover",""],["no_content","no_content",""],["creative","pref_text",""],["creative","pref_text","editorial policy"],["factual","list",""],["no_content","no_content",""],["creative","main_text",""],["creative","main_text",""],["creative","main_text",""],["factual","main_text","data table"],["creative","main_text",""],["factual","main_text","data table"],["creative","main_text",""],["creative","main_text",""]]
uiug.30112032549237	[["no_content","no_content","cutter"],["no_content","no_content",""],["no_content","no_content",""],["no_content","no_content",""],["factual","title",""],["no_content","no_content",""],["creative","pref_text","letter from president"],["creative","pref_text","letter from president"],["factual","list",""],["factual","list",""],["factual","list",""],["factual","list",""],["factual","list",""],["factual","main_text","org chart"],["creative","main_text",""],["creative","main_text",""],["factual","main_text",""],["factual","main_text","data table"],["creative","main_text",""],["no_content","no_content",""]]
uiug.30112057097658	[["factual","cover",""],["no_content","no_content",""],["no_content","no_content",""],["no_content","no_content",""],["factual","title",""],["factual","pref_text","notice"],["factual","title",""],["no_content","no_content",""],["factual","pub_info","about this publication"],["creative","pref_text","introduction"],["creative","pref_text","introduction"],["creative","pref_text","introduction"],["creative","pref_text","introduction"],["creative","pref_text","introduction"],["creative","pref_text","introduction"],["no_content","no_content",""],["factual","appendix",""],["factual","appendix",""],["factual","appendix",""],["no_content","no_content",""]]
uiug.30112105133562	[["mixed","cover","cover design"],["factual","pub_info",""],["factual","title",""],["no_content","no_content",""],["creative","pref_text","introduction"],["no_content","no_content",""],["factual","main_text","list"],["factual","main_text","list"],["factual","main_text","list"],["factual","main_text","list"],["factual","main_text","list"],["factual","main_text","list"],["factual","main_text","list"],["factual","main_text","list"],["factual","main_text","list"],["factual","main_text","list"],["factual","main_text","list"],["factual","main_text","list"],["factual","main_text","list"],["factual","main_text","list"]]
uiug.30112118324273	[["mixed","cover","cover design"],["no_content","no_content","stamp"],["factual","title",""],["creative","pref_text","acknowledgments"],["creative","pref_text","foreword"],["factual","pub_info",""],["factual","list",""],["no_content","no_content",""],["factual","main_text","alphabetical directory"],["factual","main_text","alphabetical directory"],["factual","main_text","alphabetical directory"],["factual","main_text","alphabetical directory"],["factual","main_text","alphabetical directory"],["factual","main_text","alphabetical directory"],["factual","main_text","alphabetical directory"],["factual","main_text","alphabetical directory"],["factual","main_text","alphabetical directory"],["factual","main_text","alphabetical directory"],["factual","main_text","alphabetical directory"],["factual","main_text","alphabetical directory"]]
uiuo.ark:/13960/t3708wt1t	[["no_content","no_content","binding"],["no_content","no_content","stamp"],["no_content","no_content",""],["no_content","no_content",""],["factual","cover",""],["no_content","no_content",""],["factual","title",""],["no_content","no_content",""],["factual","title",""],["no_content","no_content",""],["creative","pref_text","abstract"],["no_content","no_content",""],["creative","main_text",""],["creative","main_text",""],["creative","main_text",""],["creative","main_text",""],["creative","main_text",""],["creative","main_text",""],["creative","main_text",""],["creative","main_text",""]]
uma.ark:/13960/t4km0n153	[["factual","cover",""],["no_content","no_content",""],["factual","title",""],["no_content","no_content",""],["factual","list",""],["factual","list",""],["factual","list",""],["creative","pref_text","acknowledgments"],["creative","main_text",""],["creative","main_text",""],["creative","main_text",""],["creative","main_text",""],["creative","main_text",""],["factual","main_text","data charts"],["creative","main_text",""],["no_content","no_content",""],["creative","main_text",""],["creative","main_text",""],["creative","main_text",""],["creative","main_text",""]]
umn.31951000190343m	[["factual","cover",""],["no_content","no_content","stamp"],["no_content","no_content",""],["no_content","no_content",""],["factual","pub_info","publisher logo"],["factual","ad",""],["factual","title",""],["factual","pub_info",""],["factual","dedication",""],["no_content","no_content",""],["creative","pref_text","foreword"],["creative","pref_text","foreword"],["factual","list",""],["factual","list",""],["factual","list",""],["no_content","no_content",""],["creative","main_text","prologue"],["creative","main_text","prologue"],["creative","main_text","prologue"],["creative","main_text","prologue"]]
umn.31951002184588y	[["no_content","no_content","binding"],["no_content","no_content","bookplate"],["no_content","no_content",""],["no_content","no_content",""],["factual","title",""],["factual","ad",""],["factual","title",""],["factual","pub_info",""],["factual","dedication",""],["no_content","no_content",""],["factual","pref_text","disclaimer"],["no_content","no_content",""],["creative","main_text",""],["creative","image","illustration accompanies text"],["creative","main_text",""],["creative","main_text",""],["creative","main_text",""],["creative","main_text",""],["creative","main_text",""],["creative","main_text",""]]
umn.31951d00395541t	[["no_content","no_content","binding"],["no_content","no_content","scan bed"],["no_content","no_content","binding"],["no_content","no_content","stamp"],["no_content","no_content",""],["no_content","no_content",""],["no_content","no_content",""],["no_content","no_content",""],["factual","title",""],["no_content","no_content",""],["factual","title",""],["no_content","no_content",""],["factual","list",""],["no_content","no_content",""],["creative","main_text",""],["no_content","no_content",""],["creative","main_text",""],["no_content","no_content",""],["creative","main_text",""],["no_content","no_content",""]]
umn.31951d00509875k	[["mixed","cover","cover design"],["no_content","no_content","page not available"],["no_content","no_content",""],["no_content","no_content",""],["factual","title",""],["factual","pub_info",""],["factual","title",""],["factual","pub_info",""],["creative","pref_text","foreword"],["creative","pref_text","foreword"],["creative","pref_text","foreword"],["no_content","no_content",""],["creative","pref_text","preface"],["creative","pref_text","preface"],["creative","pref_text","preface"],["creative","pref_text","preface"],["creative","pref_text","acknowledgments"],["creative","pref_text","acknowledgments"],["factual","list",""],["factual","list",""]]
umn.31951p01108679x	[["mixed","cover","cover art"],["no_content","no_content","scan bed"],["mixed","cover","cover art"],["mixed","pub_info","director's letter, magazine pub info"],["creative","image","illustration accompanies text"],["creative","image","illustration accompanies text"],["creative","image","illustration accompanies text"],["creative","image","illustration accompanies text"],["creative","image","illustration accompanies text"],["creative","main_text",""],["creative","image","photo accompanies text"],["creative","image","photo accompanies text"],["creative","main_text",""],["creative","main_text",""],["creative","image","photo accompanies text"],["creative","main_text",""],["creative","image","photo accompanies text"],["creative","image","photo accompanies text"],["creative","main_text",""],["creative","main_text",""]]
umn.31951t00219388u	[["mixed","cover","cover art"],["factual","pub_info",""],["factual","list",""],["no_content","no_content",""],["creative","main_text",""],["no_content","no_content",""],["creative","main_text",""],["no_content","no_content",""],["factual","main_text","graph"],["no_content","no_content",""],["creative","main_text",""],["creative","main_text",""],["factual","main_text","data table"],["no_content","no_content",""],["factual","main_text","data table"],["no_content","no_content",""],["factual","main_text","data table"],["no_content","no_content",""],["factual","main_text","data table"],["no_content","no_content",""]]
uva.x000169055	[["no_content","no_content","barcode, cutter"],["no_content","no_content","stamp"],["factual","pub_info",""],["no_content","no_content",""],["factual","title",""],["factual","appendix",""],["factual","title",""],["factual","pub_info",""],["factual","dedication",""],["no_content","no_content",""],["creative","pref_text","acknowledgments"],["creative","pref_text","acknowledgments"],["creative","pref_text","preface"],["no_content","no_content",""],["creative","main_text",""],["creative","main_text",""],["creative","main_text",""],["creative","main_text",""],["creative","main_text",""],["creative","main_text",""]]
uva.x000868949	[["no_content","no_content","barcode"],["no_content","no_content","stamp"],["no_content","no_content",""],["no_content","no_content",""],["factual","title",""],["factual","title",""],["factual","title",""],["factual","pub_info",""],["factual","list",""],["no_content","no_content",""],["factual","title",""],["no_content","no_content",""],["creative","main_text",""],["creative","main_text",""],["factual","appendix","publication catalog"],["factual","appendix","publication catalog"],["factual","appendix","publication catalog"],["factual","appendix","publication catalog"],["factual","appendix","publication catalog"],["factual","appendix","publication catalog"]]
uva.x001381296	[["factual","cover",""],["no_content","no_content","stamp"],["no_content","no_content",""],["no_content","no_content",""],["factual","title",""],["factual","pub_info",""],["creative","pref_text","introduction"],["no_content","no_content",""],["factual","list",""],["factual","list",""],["factual","list",""],["factual","list",""],["factual","list",""],["no_content","no_content",""],["creative","main_text",""],["creative","main_text",""],["creative","main_text",""],["creative","main_text",""],["creative","main_text",""],["creative","main_text",""]]
wu.89003411865	[["no_content","no_content","page not available"],["no_content","no_content","bookplate"],["no_content","no_content","date stamp"],["no_content","no_content",""],["factual","title",""],["factual","ad",""],["factual","title",""],["factual","pub_info",""],["factual","pref_text","disclaimer"],["no_content","no_content",""],["factual","title",""],["no_content","no_content",""],["creative","main_text",""],["creative","main_text",""],["creative","main_text",""],["creative","main_text",""],["creative","main_text",""],["creative","main_text",""],["creative","main_text",""],["creative","main_text",""]]
wu.89010840981	[["no_content","no_content","binding"],["no_content","no_content","stamp"],["no_content","no_content","date"],["no_content","no_content",""],["factual","pub_info",""],["no_content","no_content",""],["factual","title",""],["factual","pub_info",""],["factual","title",""],["no_content","no_content",""],["creative","pref_text","acknowledgment"],["no_content","no_content",""],["factual","list",""],["no_content","no_content",""],["factual","list",""],["no_content","no_content",""],["creative","main_text",""],["no_content","no_content",""],["creative","main_text",""],["no_content","no_content",""]]
wu.89033919879	[["mixed","cover","cover design"],["no_content","no_content","stamp"],["factual","title",""],["factual","pub_info",""],["factual","appendix",""],["factual","appendix",""],["factual","list",""],["factual","list",""],["creative","pref_text","acknowledgments"],["creative","pref_text","acknowledgments"],["factual","title",""],["no_content","no_content",""],["creative","main_text",""],["creative","main_text",""],["creative","main_text",""],["creative","main_text",""],["creative","main_text",""],["creative","main_text",""],["creative","main_text",""],["creative","main_text",""]]
wu.89045790763	[["factual","cover",""],["no_content","no_content","stamp"],["no_content","no_content","date"],["no_content","no_content",""],["factual","title",""],["no_content","no_content",""],["factual","title",""],["creative","pref_text","about the book"],["creative","pref_text","preface"],["creative","pref_text","preface"],["creative","pref_text","preface"],["creative","pref_text","preface"],["creative","pref_text","preface"],["creative","pref_text","preface"],["creative","main_text",""],["creative","main_text",""],["creative","main_text",""],["creative","main_text",""],["creative","main_text",""],["creative","main_text",""]]
wu.89062949524	[["no_content","no_content","binding"],["no_content","no_content","stamp"],["no_content","no_content","stamp"],["no_content","no_content",""],["no_content","no_content",""],["no_content","no_content",""],["factual","cover",""],["no_content","no_content","bookplate"],["factual","title",""],["factual","dedication",""],["factual","list",""],["creative","pref_text","preface"],["factual","appendix","bibliography"],["factual","appendix","bibliography"],["factual","appendix","bibliography"],["factual","title",""],["factual","appendix","ancestral chart"],["factual","appendix","ancestral chart"],["factual","appendix","ancestral chart"],["factual","appendix","ancestral chart"]]
wu.89079719845	[["no_content","no_content","page not available"],["no_content","no_content","stamp"],["no_content","no_content",""],["no_content","no_content",""],["no_content","no_content",""],["no_content","no_content",""],["factual","cover",""],["creative","pref_text","book review"],["factual","title",""],["no_content","no_content",""],["factual","title",""],["factual","pub_info",""],["factual","title",""],["no_content","no_content",""],["creative","poem",""],["no_content","no_content",""],["no_content","no_content","page not available"],["no_content","no_content","page not available"],["no_content","no_content","page not available"],["no_content","no_content","page not available"]]
wu.89103438651	[["factual","cover",""],["no_content","no_content","stamp"],["no_content","no_content",""],["no_content","no_content",""],["factual","title",""],["factual","pub_info",""],["factual","title",""],["factual","pub_info",""],["factual","title",""],["no_content","no_content",""],["creative","main_text",""],["creative","main_text",""],["creative","main_text",""],["creative","main_text",""],["creative","main_text",""],["creative","main_text",""],["creative","main_text",""],["creative","main_text",""],["creative","main_text",""],["creative","main_text",""]]
coo.31924059815310	[["no_content","no_content","binding"],["no_content","no_content","stamp"],["no_content","no_content","barcode, due date slip"],["no_content","no_content","stamp"],["no_content","no_content","barcode, due date slip"],["no_content","no_content",""],["factual","title",""],["no_content","no_content","cutter"],["factual","pub_info",""],["no_content","no_content",""],["creative","pref_text","abstract"],["no_content","no_content",""],["creative","pref_text","abstract"],["no_content","no_content",""],["creative","pref_text","biography"],["no_content","no_content",""],["factual","dedication",""],["no_content","no_content",""],["creative","pref_text","acknowledgments"],["no_content","no_content",""]]
inu.30000004501700	[["no_content","no_content","binding"],["no_content","no_content",""],["no_content","no_content",""],["no_content","no_content",""],["mixed","cover","cover design"],["creative","ad",""],["factual","list",""],["factual","pub_info",""],["creative","main_text",""],["creative","main_text",""],["creative","main_text",""],["creative","main_text",""],["creative","main_text",""],["creative","main_text",""],["creative","main_text",""],["creative","main_text",""],["creative","main_text",""],["creative","main_text",""],["creative","main_text",""],["creative","main_text",""]]
inu.30000035505423	[["factual","cover",""],["no_content","no_content",""],["factual","title",""],["factual","pub_info",""],["factual","list",""],["factual","list",""],["factual","list",""],["factual","list",""],["creative","main_text",""],["creative","main_text",""],["creative","main_text",""],["creative","main_text",""],["creative","main_text",""],["creative","main_text",""],["creative","main_text",""],["creative","main_text",""],["creative","main_text",""],["creative","main_text","data visualization"],["creative","main_text",""],["creative","main_text",""]]
inu.30000051177180	[["mixed","cover","cover photo"],["no_content","no_content",""],["no_content","no_content",""],["no_content","no_content",""],["creative","image","photo on TP"],["factual","pub_info",""],["factual","list",""],["creative","pref_text","foreword"],["creative","pref_text","acknowledgments"],["creative","pref_text","acknowledgments"],["creative","pref_text","introduction"],["creative","pref_text","introduction"],["creative","image",""],["creative","image","image accompanies text"],["creative","main_text",""],["creative","image","image accompanies text"],["creative","main_text",""],["creative","image","image accompanies text"],["creative","main_text",""],["creative","main_text",""]]
mdp.39015005096782	[["no_content","no_content","binding"],["no_content","no_content","stamp"],["no_content","no_content",""],["no_content","no_content",""],["factual","title",""],["no_content","no_content",""],["factual","title",""],["factual","pub_info",""],["factual","list",""],["creative","pref_text","foreword"],["creative","pref_text","foreword"],["creative","pref_text","foreword"],["creative","pref_text","foreword"],["creative","pref_text","foreword"],["creative","main_text",""],["creative","main_text",""],["creative","main_text",""],["creative","main_text",""],["creative","main_text",""],["creative","main_text",""]]
mdp.39015034256126	[["mixed","cover","cover design"],["no_content","no_content","stamp"],["no_content","no_content",""],["no_content","no_content",""],["factual","title",""],["factual","pub_info",""],["factual","title",""],["no_content","no_content",""],["creative","pref_text","preface"],["no_content","no_content",""],["factual","list",""],["factual","list",""],["factual","list",""],["no_content","no_content",""],["creative","epigraph","introduction"],["creative","pref_text","introduction"],["creative","pref_text","introduction"],["creative","pref_text","introduction"],["creative","pref_text","introduction"],["creative","pref_text","introduction"]]
mdp.39015054154193	[["mixed","cover","cover art"],["creative","image",""],["no_content","no_content",""],["no_content","no_content",""],["factual","title",""],["no_content","no_content",""],["factual","title",""],["factual","pub_info",""],["factual","dedication",""],["no_content","no_content",""],["creative","pref_text",""],["creative","pref_text",""],["factual","title",""],["no_content","no_content",""],["creative","main_text",""],["creative","main_text",""],["creative","main_text",""],["creative","main_text",""],["creative","main_text",""],["creative","main_text",""]]
mdp.39015062562882	[["no_content","no_content","binding"],["no_content","no_content","stamp"],["no_content","no_content",""],["no_content","no_content",""],["no_content","no_content",""],["no_content","no_content",""],["factual","title",""],["no_content","no_content",""],["factual","title",""],["factual","pub_info",""],["factual","dedication",""],["no_content","no_content",""],["creative","pref_text","acknowledgments"],["creative","pref_text","acknowledgments"],["factual","list",""],["no_content","no_content",""],["factual","appendix",""],["no_content","no_content",""],["factual","title",""],["no_content","no_content",""]]
mdp.39015066591044	[["factual","cover",""],["no_content","no_content","stamp"],["no_content","no_content",""],["no_content","no_content",""],["factual","title",""],["factual","pub_info",""],["creative","pref_text","foreword"],["no_content","no_content",""],["factual","list",""],["factual","list",""],["factual","list",""],["no_content","no_content",""],["factual","title",""],["no_content","no_content",""],["creative","main_text",""],["creative","main_text",""],["creative","main_text",""],["creative","main_text",""],["creative","main_text",""],["creative","main_text",""]]
mdp.39015067281959	[["factual","cover",""],["no_content","no_content",""],["no_content","no_content","cutter"],["no_content","no_content",""],["no_content","no_content",""],["no_content","no_content",""],["factual","title",""],["factual","pub_info",""],["creative","pref_text","preface"],["no_content","no_content",""],["factual","list",""],["factual","list",""],["factual","appendix",""],["factual","appendix",""],["factual","appendix",""],["factual","appendix",""],["factual","main_text","bibliography"],["factual","main_text","bibliography"],["factual","main_text","bibliography"],["factual","main_text","bibliography"]]
mdp.39015067361272	[["mixed","cover","cover illustration"],["no_content","no_content",""],["creative","pref_text","letter from the president"],["no_content","no_content",""],["factual","title",""],["factual","ad",""],["factual","ad",""],["factual","list",""],["factual","list",""],["creative","main_text",""],["creative","main_text",""],["creative","main_text",""],["creative","main_text",""],["creative","main_text",""],["creative","main_text",""],["creative","main_text",""],["creative","main_text",""],["creative","main_text",""],["creative","main_text",""],["creative","main_text",""]]
mdp.39015069204785	[["factual","cover",""],["factual","pub_info",""],["factual","title",""],["factual","pub_info",""],["factual","pub_info",""],["factual","pub_info",""],["factual","list",""],["factual","list",""],["factual","list",""],["no_content","no_content",""],["creative","main_text",""],["creative","main_text",""],["creative","main_text",""],["creative","main_text",""],["creative","main_text",""],["creative","main_text",""],["creative","main_text",""],["creative","main_text",""],["creative","main_text",""],["creative","main_text",""]]
mdp.39015073657333	[["mixed","cover","cover design"],["no_content","no_content","stamp"],["no_content","no_content",""],["no_content","no_content",""],["factual","title",""],["no_content","no_content",""],["factual","list",""],["factual","list",""],["factual","list",""],["factual","list",""],["factual","list",""],["factual","list",""],["creative","pref_text","introduction"],["creative","pref_text","introduction"],["creative","pref_text","introduction"],["creative","pref_text","introduction"],["creative","pref_text","introduction"],["creative","pref_text","introduction"],["creative","pref_text","introduction"],["creative","pref_text","introduction"]]
mdp.39015073922570	[["no_content","no_content",""],["no_content","no_content","stamp"],["no_content","no_content",""],["no_content","no_content",""],["factual","title",""],["factual","ad",""],["factual","title",""],["factual","pub_info",""],["factual","dedication",""],["creative","epigraph",""],["factual","list",""],["no_content","no_content",""],["creative","pref_text","acknowledgments"],["no_content","no_content",""],["creative","main_text",""],["creative","main_text",""],["creative","main_text",""],["creative","main_text",""],["creative","main_text",""],["creative","main_text",""]]
mdp.39015077757212	[["factual","cover",""],["no_content","no_content","stamp"],["no_content","no_content",""],["no_content","no_content",""],["creative","ad",""],["no_content","no_content",""],["factual","title",""],["no_content","no_content","cutter"],["factual","list",""],["factual","list",""],["factual","appendix",""],["factual","appendix",""],["factual","appendix",""],["no_content","no_content",""],["factual","appendix",""],["no_content","no_content",""],["factual","title",""],["no_content","no_content",""],["creative","main_text",""],["creative","main_text",""]]
mdp.39015078342923	[["no_content","no_content","binding"],["no_content","no_content","stamp"],["no_content","no_content",""],["no_content","no_content",""],["mixed","cover","cover design"],["factual","pub_info",""],["factual","list",""],["creative","pref_text",""],["creative","pref_text","editorial"],["creative","pref_text","editorial"],["creative","main_text",""],["creative","main_text",""],["creative","main_text",""],["creative","main_text",""],["creative","main_text",""],["creative","main_text",""],["creative","main_text",""],["creative","main_text",""],["creative","main_text",""],["creative","main_text",""]]
osu.32435012209128	[["no_content","no_content","binding"],["no_content","no_content","binding"],["factual","title",""],["factual","appendix",""],["factual","list",""],["no_content","no_content",""],["creative","pref_text","introduction"],["creative","pref_text","introduction"],["creative","pref_text","introduction"],["creative","main_text",""],["creative","main_text",""],["creative","main_text",""],["creative","main_text",""],["creative","main_text",""],["creative","main_text",""],["factual","main_text","data table"],["creative","main_text",""],["factual","main_text","data table"],["creative","main_text",""],["creative","main_text",""]]
osu.32435075731331	[["no_content","no_content","binding"],["no_content","no_content",""],["no_content","no_content",""],["no_content","no_content",""],["mixed","cover","cover design"],["factual","pub_info",""],["creative","ad",""],["no_content","no_content",""],["creative","pref_text","abstract"],["creative","main_text",""],["creative","main_text",""],["creative","main_text",""],["creative","main_text",""],["creative","main_text",""],["creative","main_text",""],["creative","main_text",""],["creative","main_text",""],["factual","appendix","references"],["creative","pref_text","abstract and title"],["creative","main_text",""]]
pst.000021641145	[["factual","cover",""],["no_content","no_content","stamp"],["no_content","no_content",""],["no_content","no_content",""],["factual","title",""],["factual","pub_info",""],["factual","appendix",""],["no_content","no_content",""],["factual","list",""],["factual","list",""],["factual","list",""],["factual","list",""],["factual","list",""],["no_content","no_content",""],["creative","main_text",""],["creative","main_text",""],["creative","main_text",""],["creative","main_text",""],["creative","main_text",""],["creative","main_text",""]]
pst.000060075512	[["no_content","no_content","binding"],["no_content","no_content","bookplate"],["mixed","cover","cover painting"],["creative","main_text","musical score"],["creative","poem",""],["creative","main_text",""],["creative","main_text",""],["creative","image","images accompany main text"],["creative","image",""],["creative","image",""],["creative","image","images accompany main text"],["creative","image","image accompanies main text"],["creative","image","images accompany main text"],["creative","image","images accompany main text"],["creative","image","images accompany main text"],["creative","image","images accompany main text"],["creative","main_text",""],["creative","image","illustration accompanies main text"],["creative","main_text",""],["creative","image","illustration accompanies main text"]]
txu.059173014313723	[["no_content","no_content","library binding"],["no_content","no_content","barcode, stamp"],["no_content","no_content",""],["no_content","no_content",""],["no_content","no_content",""],["no_content","no_content","binding"],["no_content","no_content","page seq stops at 7. Basically no content in this work."],["no_content","no_content","page seq stops at 7. Basically no content in this work."],["no_content","no_content","page seq stops at 7. Basically no content in this work."],["no_content","no_content","page seq stops at 7. Basically no content in this work."],["no_content","no_content","page seq stops at 7. Basically no content in this work."],["no_content","no_content","page seq stops at 7. Basically no content in this work."],["no_content","no_content","page seq stops at 7. Basically no content in this work."],["no_content","no_content","page seq stops at 7. Basically no content in this work."],["no_content","no_content","page seq stops at 7. Basically no content in this work."],["no_content","no_content","page seq stops at 7. Basically no content in this work."],["no_content","no_content","page seq stops at 7. Basically no content in this work."],["no_content","no_content","page seq stops at 7. Basically no content in this work."],["no_content","no_content","page seq stops at 7. Basically no content in this work."],["no_content","no_content","page seq stops at 7. Basically no content in this work."]]
uc1.$b379165	[["mixed","cover","cover art"],["no_content","no_content","stamp"],["no_content","no_content",""],["no_content","no_content",""],["factual","title",""],["no_content","no_content",""],["factual","title",""],["factual","pub_info",""],["creative","pref_text",""],["creative","pref_text",""],["creative","pref_text",""],["creative","pref_text",""],["creative","main_text",""],["creative","main_text",""],["creative","main_text",""],["creative","main_text",""],["creative","main_text",""],["creative","main_text",""],["creative","main_text",""],["creative","main_text",""]]
uc1.$b568282	[["no_content","no_content","barcode"],["no_content","no_content","stamp"],["no_content","no_content",""],["no_content","no_content",""],["factual","pref_text",""],["no_content","no_content",""],["factual","title",""],["factual","pub_info",""],["factual","list",""],["factual","list",""],["factual","list",""],["factual","list",""],["creative","pref_text",""],["creative","pref_text",""],["creative","pref_text",""],["creative","pref_text",""],["creative","pref_text",""],["no_content","no_content",""],["factual","title",""],["no_content","no_content",""]]
uc1.31822004292462	[["no_content","no_content","barcode"],["no_content","no_content","endpaper"],["no_content","no_content","endpaper"],["no_content","no_content",""],["mixed","cover","cover design"],["creative","ad",""],["creative","ad",""],["creative","ad",""],["factual","list",""],["creative","main_text",""],["creative","main_text",""],["creative","main_text",""],["creative","main_text",""],["creative","main_text",""],["creative","ad",""],["creative","ad",""],["creative","main_text",""],["creative","main_text",""],["creative","main_text",""],["creative","main_text",""]]
uc1.31822033465287	[["mixed","cover","cover art"],["factual","appendix","table of elements"],["factual","appendix","atomic weights chart"],["no_content","no_content","due date slip"],["factual","title",""],["factual","pub_info",""],["factual","dedication",""],["no_content","no_content",""],["factual","list",""],["factual","list",""],["factual","list",""],["factual","list",""],["factual","list",""],["no_content","no_content",""],["creative","pref_text","preface"],["creative","pref_text","preface"],["creative","pref_text","preface"],["creative","pref_text","preface"],["creative","main_text",""],["creative","main_text",""]]
uc1.32106008639814	[["no_content","no_content","barcode"],["no_content","no_content",""],["no_content","no_content",""],["no_content","no_content",""],["no_content","no_content",""],["no_content","no_content",""],["factual","cover",""],["no_content","no_content",""],["creative","image",""],["factual","pub_info",""],["factual","appendix",""],["no_content","no_content",""],["factual","title",""],["no_content","no_content",""],["factual","list",""],["factual","list",""],["creative","pref_text","prologue"],["creative","pref_text","prologue"],["creative","pref_text","introduction"],["creative","pref_text","introduction"]]
uc1.32106014078940	[["no_content","no_content","barcode"],["no_content","no_content",""],["no_content","no_content",""],["no_content","no_content",""],["no_content","no_content",""],["no_content","no_content",""],["no_content","no_content",""],["no_content","no_content",""],["mixed","cover","cover photos"],["creative","ad",""],["mixed","list","photo accompanies content list"],["creative","main_text",""],["creative","main_text",""],["creative","main_text",""],["creative","main_text",""],["creative","main_text",""],["creative","image","photo accompanies main text"],["creative","image","photo accompanies main text"],["creative","main_text",""],["creative","image","photo accompanies main text"]]
uc1.b4374837	[["no_content","no_content","page not available"],["no_content","no_content","library stamp, due date"],["no_content","no_content",""],["no_content","no_content",""],["no_content","no_content",""],["no_content","no_content",""],["factual","title",""],["no_content","no_content",""],["factual","list",""],["no_content","no_content",""],["factual","appendix",""],["no_content","no_content",""],["factual","appendix",""],["factual","appendix",""],["factual","appendix",""],["no_content","no_content",""],["factual","pref_text","letter of transmittal"],["no_content","no_content",""],["factual","appendix",""],["factual","appendix",""]]
uc1.b5152650	[["no_content","no_content","binding"],["no_content","no_content","endpaper"],["no_content","no_content","endpaper"],["no_content","no_content",""],["no_content","no_content",""],["no_content","no_content",""],["factual","title",""],["factual","pub_info",""],["factual","list",""],["factual","list",""],["factual","list",""],["no_content","no_content",""],["factual","title",""],["factual","ad",""],["factual","list",""],["factual","appendix",""],["creative","main_text",""],["creative","main_text",""],["creative","main_text",""],["creative","main_text",""]]
uc1.l0089339543	[["no_content","no_content","binding"],["no_content","no_content","endpaper"],["no_content","no_content","endpaper"],["no_content","no_content",""],["no_content","no_content",""],["no_content","no_content",""],["mixed","cover","cover photo"],["no_content","no_content",""],["mixed","cover","cover photo"],["creative","ad",""],["mixed","list","photos accompany content list"],["creative","ad",""],["mixed","pub_info","Editor's letter on same page as pub info"],["creative","ad",""],["creative","image","photo accompanies text"],["creative","image","photo accompanies text"],["creative","image","photo accompanies text"],["creative","image","photo accompanies text"],["creative","main_text",""],["creative","image","photo accompanies text"]]
uva.x004095697	[["no_content","no_content","barcode"],["no_content","no_content","stamp"],["no_content","no_content",""],["no_content","no_content",""],["mixed","cover","cover photo"],["no_content","no_content",""],["factual","title",""],["no_content","no_content",""],["factual","title",""],["factual","pub_info",""],["creative","pref_text","preface"],["creative","pref_text","preface"],["creative","pref_text","preface"],["factual","list",""],["creative","main_text",""],["creative","main_text",""],["creative","main_text",""],["creative","main_text",""],["creative","main_text",""],["creative","main_text",""]]
uva.x004718461	[["mixed","cover","cover art"],["no_content","no_content","stamp"],["factual","title",""],["no_content","no_content",""],["factual","title",""],["factual","pub_info",""],["factual","appendix",""],["creative","pref_text",""],["creative","pref_text",""],["no_content","no_content",""],["creative","pref_text",""],["no_content","no_content",""],["creative","pref_text",""],["factual","appendix",""],["factual","appendix",""],["creative","image",""],["creative","main_text",""],["creative","main_text",""],["creative","image",""],["creative","image",""]]
coo.31924002110280	[["mixed","cover","cover art"],["no_content","no_content","due date slip, barcode"],["factual","title",""],["no_content","no_content","cutter"],["creative","pref_text","abstract"],["no_content","no_content",""],["factual","list",""],["no_content","no_content",""],["factual","list",""],["no_content","no_content",""],["factual","list",""],["no_content","no_content",""],["factual","list",""],["no_content","no_content",""],["factual","list",""],["no_content","no_content",""],["creative","main_text",""],["no_content","no_content",""],["creative","main_text",""],["no_content","no_content",""]]
coo.31924054502046	[["no_content","no_content","barcode"],["no_content","no_content","bookplate"],["factual","title",""],["no_content","no_content",""],["factual","list",""],["no_content","no_content",""],["factual","list",""],["no_content","no_content",""],["creative","main_text",""],["creative","main_text",""],["creative","main_text",""],["creative","main_text",""],["creative","main_text",""],["creative","image","image accompanies main text"],["creative","main_text",""],["creative","main_text",""],["creative","main_text",""],["creative","main_text",""],["creative","main_text",""],["creative","image","image accompanies main text"]]
coo.31924058374996	[["factual","cover",""],["no_content","no_content","stamp, barcode"],["factual","title",""],["no_content","no_content",""],["creative","pref_text","abstract"],["no_content","no_content",""],["creative","pref_text","acknowledgments"],["no_content","no_content",""],["factual","list",""],["factual","list",""],["factual","list",""],["factual","list",""],["factual","list",""],["factual","list",""],["factual","list",""],["no_content","no_content",""],["factual","appendix",""],["factual","appendix",""],["factual","appendix",""],["factual","appendix",""]]
coo.31924094239526	[["factual","cover",""],["no_content","no_content","bookplate"],["no_content","no_content","barcode"],["no_content","no_content",""],["no_content","no_content",""],["no_content","no_content",""],["factual","title",""],["no_content","no_content",""],["factual","pub_info",""],["no_content","no_content",""],["creative","main_text",""],["no_content","no_content",""],["factual","main_text","syllabus"],["no_content","no_content",""],["factual","main_text","data chart"],["no_content","no_content","stamp"],["factual","main_text","syllabus"],["no_content","no_content",""],["factual","main_text","syllabus"],["no_content","no_content",""]]
inu.30000077029951	[["no_content","no_content","barcode"],["no_content","no_content","scan bed"],["no_content","no_content","barcode"],["no_content","no_content","scan bed"],["no_content","no_content","barcode"],["no_content","no_content",""],["no_content","no_content",""],["no_content","no_content",""],["no_content","no_content",""],["no_content","no_content",""],["factual","title",""],["no_content","no_content",""],["factual","title",""],["factual","pub_info",""],["factual","dedication",""],["creative","pref_text",""],["creative","poem",""],["creative","pref_text","preface"],["creative","pref_text","introduction"],["no_content","no_content",""]]
inu.30000086211145	[["mixed","cover","cover photo"],["no_content","no_content",""],["no_content","no_content",""],["no_content","no_content",""],["creative","image","logo"],["factual","image","line drawn map"],["factual","title",""],["factual","pub_info",""],["creative","dedication",""],["no_content","no_content",""],["creative","pref_text","preface"],["creative","image",""],["creative","pref_text","introduction"],["creative","pref_text","introduction"],["factual","title",""],["no_content","no_content",""],["creative","main_text",""],["creative","main_text",""],["creative","main_text",""],["creative","image","image accompanies text"]]
inu.30000092507361	[["no_content","no_content","binding"],["no_content","no_content",""],["no_content","no_content",""],["no_content","no_content",""],["no_content","no_content",""],["no_content","no_content",""],["mixed","cover","cover design"],["no_content","no_content",""],["factual","list",""],["creative","pref_text",""],["creative","pref_text",""],["factual","ad",""],["factual","ad",""],["factual","ad",""],["factual","ad",""],["factual","ad",""],["factual","ad",""],["factual","ad",""],["factual","ad",""],["factual","ad",""]]
inu.32000001200759	[["mixed","cover","cover design"],["no_content","no_content","bookplate"],["no_content","no_content",""],["no_content","no_content",""],["no_content","no_content",""],["no_content","no_content",""],["factual","title",""],["factual","pub_info",""],["factual","appendix",""],["no_content","no_content",""],["factual","list",""],["no_content","no_content",""],["factual","title",""],["no_content","no_content",""],["creative","image",""],["no_content","no_content",""],["factual","title",""],["no_content","no_content",""],["creative","poem",""],["no_content","no_content",""]]
inu.39000003726226	[["factual","title",""],["mixed","pub_info","acknowledgments with pub info"],["creative","pref_text","preface"],["creative","pref_text","preface"],["factual","list",""],["factual","list",""],["creative","main_text",""],["creative","main_text",""],["creative","main_text",""],["creative","main_text",""],["creative","main_text",""],["creative","main_text",""],["creative","main_text",""],["creative","main_text",""],["creative","main_text",""],["creative","main_text",""],["creative","main_text",""],["creative","main_text",""],["creative","main_text",""],["creative","main_text",""]]
mdp.39015008430731	[["no_content","no_content","binding"],["no_content","no_content","bookplate"],["no_content","no_content",""],["no_content","no_content","bookplate"],["no_content","no_content",""],["no_content","no_content",""],["no_content","no_content",""],["no_content","no_content",""],["factual","title",""],["factual","ad",""],["factual","title",""],["factual","pub_info",""],["factual","dedication",""],["no_content","no_content",""],["creative","pref_text","preface"],["creative","pref_text","preface"],["factual","list",""],["factual","list",""],["factual","title",""],["no_content","no_content",""]]
mdp.39015010784448	[["no_content","no_content","binding"],["no_content","no_content","bookplate"],["no_content","no_content",""],["no_content","no_content",""],["no_content","no_content",""],["no_content","no_content",""],["mixed","main_text","title, pub info, main text"],["creative","main_text",""],["creative","main_text",""],["creative","main_text",""],["mixed","main_text","title, pub info, main text"],["creative","main_text",""],["creative","image","image accompanies text"],["creative","main_text",""],["mixed","main_text","title, pub info, main text"],["creative","main_text",""],["creative","main_text",""],["creative","main_text",""],["mixed","main_text","title, pub info, main text"],["creative","main_text",""]]
mdp.39015014365863	[["no_content","no_content","cutter"],["no_content","no_content","stamp"],["no_content","no_content",""],["no_content","no_content",""],["factual","title",""],["factual","pub_info",""],["factual","list",""],["no_content","no_content",""],["creative","pref_text","acknowledgments"],["no_content","no_content",""],["creative","pref_text","preface"],["no_content","no_content",""],["creative","main_text",""],["creative","main_text",""],["creative","main_text",""],["creative","main_text",""],["creative","main_text",""],["creative","main_text",""],["creative","main_text",""],["creative","main_text",""]]
mdp.39015018899180	[["factual","cover",""],["no_content","no_content","stamp"],["no_content","no_content",""],["no_content","no_content",""],["no_content","no_content",""],["no_content","no_content",""],["factual","title",""],["no_content","no_content",""],["creative","epigraph",""],["creative","image",""],["creative","main_text",""],["creative","main_text",""],["creative","main_text",""],["creative","main_text",""],["creative","main_text",""],["creative","main_text",""],["creative","image","illustration accompanies main text"],["creative","main_text",""],["creative","main_text",""],["creative","main_text",""]]
mdp.39015019764219	[["factual","cover",""],["no_content","no_content","stamp"],["no_content","no_content",""],["no_content","no_content",""],["factual","title",""],["factual","ad",""],["factual","title",""],["factual","pub_info",""],["factual","dedication",""],["no_content","no_content",""],["factual","list",""],["factual","list",""],["factual","list",""],["no_content","no_content",""],["factual","list",""],["factual","list",""],["creative","pref_text","preface"],["creative","pref_text","preface"],["creative","pref_text","preface"],["no_content","no_content",""]]
mdp.39015020700533	[["no_content","no_content","cutter"],["no_content","no_content","stamp"],["no_content","no_content",""],["no_content","no_content",""],["mixed","epigraph","epigraph, dedication, title"],["factual","ad",""],["factual","title",""],["factual","pub_info",""],["factual","list",""],["factual","list",""],["creative","pref_text","acknowledgements"],["creative","image",""],["creative","main_text",""],["creative","main_text",""],["creative","image",""],["creative","main_text",""],["creative","main_text",""],["creative","main_text",""],["creative","image",""],["creative","image",""]]
mdp.39015022879673	[["no_content","no_content","page not available"],["no_content","no_content",""],["no_content","no_content",""],["no_content","no_content",""],["no_content","no_content",""],["factual","pub_info",""],["factual","title",""],["factual","pub_info",""],["factual","list",""],["creative","image",""],["creative","image",""],["creative","pref_text","acknowledgments"],["creative","pref_text","acknowledgments"],["creative","pref_text","note"],["creative","image",""],["creative","image",""],["creative","pref_text","note"],["creative","pref_text","introduction"],["creative","image",""],["creative","pref_text","introduction"]]
mdp.39015025972582	[["factual","cover",""],["no_content","no_content","stamp"],["no_content","no_content",""],["no_content","no_content",""],["creative","image","logo"],["factual","appendix",""],["factual","title",""],["factual","title",""],["factual","title",""],["no_content","no_content",""],["creative","image",""],["no_content","no_content",""],["creative","main_text",""],["creative","main_text",""],["creative","main_text",""],["creative","main_text",""],["creative","main_text",""],["creative","main_text",""],["creative","main_text",""],["creative","main_text",""]]
mdp.39015026453921	[["factual","cover",""],["no_content","no_content","stamp"],["factual","title",""],["no_content","no_content",""],["factual","title",""],["no_content","no_content",""],["factual","list",""],["creative","poem",""],["creative","pref_text","foreword"],["creative","pref_text","foreword"],["creative","pref_text","foreword"],["creative","pref_text","foreword"],["creative","pref_text","foreword"],["creative","pref_text","foreword"],["creative","pref_text","foreword"],["creative","pref_text","foreword"],["creative","pref_text","foreword"],["creative","pref_text","foreword"],["creative","pref_text","foreword"],["creative","pref_text","foreword"]]
mdp.39015029269001	[["factual","cover",""],["no_content","no_content","stamp"],["no_content","no_content",""],["no_content","no_content",""],["factual","title",""],["no_content","no_content",""],["factual","title",""],["factual","pub_info",""],["factual","list",""],["no_content","no_content",""],["factual","appendix",""],["no_content","no_content",""],["creative","pref_text","introduction"],["creative","pref_text","introduction"],["creative","pref_text","introduction"],["creative","pref_text","introduction"],["creative","pref_text","introduction"],["creative","pref_text","introduction"],["creative","pref_text","introduction"],["creative","pref_text","introduction"]]
mdp.39015031447587	[["no_content","no_content","binding"],["no_content","no_content","bookplate"],["no_content","no_content",""],["no_content","no_content",""],["no_content","no_content",""],["no_content","no_content",""],["factual","title",""],["no_content","no_content",""],["no_content","no_content",""],["creative","image",""],["factual","title",""],["factual","pub_info",""],["factual","dedication",""],["no_content","no_content",""],["factual","list",""],["no_content","no_content",""],["creative","main_text",""],["creative","main_text",""],["creative","main_text",""],["creative","main_text",""]]
mdp.39015033919179	[["no_content","no_content","binding"],["no_content","no_content","stamp"],["no_content","no_content",""],["no_content","no_content","stamp"],["no_content","no_content",""],["no_content","no_content",""],["no_content","no_content",""],["no_content","no_content",""],["factual","title",""],["factual","ad",""],["factual","title",""],["factual","pub_info",""],["factual","list",""],["no_content","no_content",""],["factual","list",""],["no_content","no_content",""],["creative","pref_text","introduction"],["creative","pref_text","introduction"],["creative","pref_text","introduction"],["creative","pref_text","introduction"]]
mdp.39015036666785	[["no_content","no_content","page not available"],["no_content","no_content","stamp"],["creative","main_text",""],["no_content","no_content",""],["creative","main_text",""],["no_content","no_content",""],["creative","main_text",""],["no_content","no_content",""],["creative","main_text",""],["no_content","no_content",""],["creative","main_text",""],["no_content","no_content",""],["creative","main_text",""],["no_content","no_content",""],["creative","main_text",""],["no_content","no_content",""],["creative","main_text",""],["no_content","no_content",""],["creative","main_text",""],["no_content","no_content",""]]
mdp.39015036681917	[["no_content","no_content","binding"],["no_content","no_content","bookplate"],["no_content","no_content",""],["no_content","no_content",""],["no_content","no_content",""],["no_content","no_content",""],["factual","title",""],["factual","pub_info",""],["factual","list",""],["factual","list",""],["creative","main_text",""],["creative","main_text",""],["creative","main_text",""],["creative","main_text",""],["creative","main_text",""],["creative","main_text",""],["creative","main_text",""],["creative","main_text",""],["creative","main_text",""],["creative","main_text",""]]
mdp.39015037801886	[["factual","cover",""],["no_content","no_content","stamp"],["factual","title",""],["factual","pub_info",""],["factual","dedication",""],["no_content","no_content",""],["factual","appendix",""],["no_content","no_content",""],["factual","list",""],["factual","list",""],["creative","pref_text","foreword"],["creative","pref_text","foreword"],["creative","pref_text","acknowledgments"],["no_content","no_content",""],["factual","title",""],["no_content","no_content",""],["factual","title",""],["no_content","no_content",""],["factual","list",""],["creative","main_text",""]]
mdp.39015040296215	[["no_content","no_content","library binding"],["no_content","no_content",""],["factual","cover",""],["factual","ad",""],["factual","pub_info",""],["no_content","no_content",""],["factual","title",""],["factual","title",""],["creative","pref_text","introduction"],["creative","pref_text","introduction"],["creative","pref_text","introduction"],["creative","main_text",""],["creative","pref_text",""],["creative","main_text",""],["creative","main_text",""],["creative","main_text",""],["creative","main_text",""],["creative","main_text",""],["creative","main_text",""],["creative","main_text",""]]
mdp.39015040727292	[["factual","cover",""],["no_content","no_content","scan bed"],["factual","cover",""],["no_content","no_content","stamp"],["factual","title",""],["creative","image","logo or design"],["factual","ad","about the author"],["factual","ad","works by the author"],["creative","pref_text","introduction"],["creative","pref_text","introduction"],["creative","pref_text","introduction"],["no_content","no_content",""],["creative","main_text",""],["creative","main_text",""],["creative","main_text",""],["creative","main_text",""],["creative","main_text",""],["creative","main_text",""],["creative","main_text",""],["creative","main_text",""]]
mdp.39015043212318	[["no_content","no_content","cutter"],["no_content","no_content",""],["factual","title",""],["no_content","no_content","stamp"],["factual","title",""],["creative","pref_text",""],["creative","pref_text",""],["factual","pref_text","image descriptions"],["creative","image",""],["creative","image",""],["creative","image",""],["factual","main_text","image descriptions"],["factual","image","line map"],["creative","image",""],["creative","image",""],["factual","main_text","image descriptions"],["creative","image",""],["creative","image",""],["creative","image",""],["factual","main_text","image descriptions"]]
mdp.39015053571983	[["no_content","no_content","binding"],["no_content","no_content","stamp"],["no_content","no_content","stamp"],["no_content","no_content",""],["no_content","no_content",""],["no_content","no_content",""],["factual","cover",""],["no_content","no_content",""],["no_content","no_content",""],["no_content","no_content",""],["factual","title",""],["factual","ad",""],["factual","title",""],["factual","pub_info",""],["creative","pref_text","preface"],["creative","pref_text","preface"],["factual","list",""],["factual","list",""],["factual","list",""],["factual","list",""]]
mdp.39015056265534	[["no_content","no_content","cutter"],["no_content","no_content","stamp"],["no_content","no_content",""],["no_content","no_content",""],["factual","title",""],["creative","image",""],["factual","title",""],["factual","pub_info",""],["factual","list",""],["no_content","no_content",""],["creative","pref_text","acknowledgments"],["no_content","no_content",""],["factual","title",""],["no_content","no_content",""],["creative","pref_text","introduction"],["creative","pref_text","introduction"],["creative","pref_text","introduction"],["creative","pref_text","introduction"],["creative","pref_text","introduction"],["creative","pref_text","introduction"]]
mdp.39015059486665	[["no_content","no_content","binding"],["no_content","no_content",""],["no_content","no_content",""],["no_content","no_content",""],["no_content","no_content",""],["no_content","no_content",""],["mixed","main_text","Title, pub info, list of contents, main text"],["creative","main_text",""],["creative","main_text",""],["creative","main_text","mostly data table"],["creative","main_text",""],["creative","main_text",""],["creative","main_text",""],["creative","main_text",""],["creative","main_text",""],["creative","main_text",""],["factual","main_text","statistics"],["factual","main_text","statistics"],["factual","main_text","statistics"],["no_content","no_content",""]]
mdp.39015066979074	[["factual","cover",""],["factual","ad",""],["factual","title",""],["factual","appendix",""],["factual","list",""],["factual","list",""],["factual","list",""],["no_content","no_content",""],["creative","pref_text",""],["creative","pref_text",""],["creative","pref_text",""],["creative","pref_text",""],["creative","main_text",""],["creative","main_text",""],["creative","main_text",""],["creative","main_text",""],["creative","main_text",""],["creative","main_text",""],["creative","main_text",""],["creative","main_text",""]]
mdp.39015069204199	[["factual","cover",""],["no_content","no_content","stamp"],["factual","title",""],["no_content","no_content",""],["factual","title",""],["factual","pub_info",""],["factual","list",""],["no_content","no_content",""],["creative","pref_text",""],["creative","pref_text",""],["creative","main_text",""],["creative","main_text",""],["creative","main_text",""],["creative","main_text",""],["creative","main_text",""],["creative","main_text",""],["creative","main_text",""],["creative","main_text",""],["creative","main_text",""],["creative","main_text",""]]
mdp.39015069517475	[["factual","cover",""],["no_content","no_content","stamp"],["no_content","no_content",""],["no_content","no_content",""],["no_content","no_content",""],["no_content","no_content",""],["factual","title",""],["no_content","no_content",""],["no_content","no_content",""],["creative","image",""],["factual","title",""],["factual","pub_info",""],["factual","list",""],["no_content","no_content",""],["creative","pref_text","introduction"],["creative","pref_text","introduction"],["creative","pref_text","introduction"],["creative","pref_text","introduction"],["creative","main_text",""],["creative","main_text",""]]
mdp.39015076732026	[["factual","cover",""],["creative","ad","Asian language"],["creative","ad","Asian language"],["creative","ad","Asian language"],["creative","ad","Asian language"],["creative","ad","Asian language"],["creative","ad","Asian language"],["creative","ad","Asian language"],["creative","ad","Asian language"],["creative","ad","Asian language"],["creative","ad","Asian language"],["creative","ad","Asian language"],["creative","ad","Asian language"],["creative","ad","Asian language"],["creative","main_text","Asian language"],["creative","main_text","Asian language"],["creative","main_text","Asian language"],["creative","main_text","Asian language"],["creative","main_text","Asian language"],["creative","main_text","Asian language"]]
mdp.39015078388512	[["no_content","no_content","binding"],["no_content","no_content","stamp"],["no_content","no_content",""],["no_content","no_content",""],["factual","list",""],["factual","list",""],["factual","title",""],["factual","title",""],["creative","main_text",""],["factual","main_text","catalog"],["factual","main_text","catalog"],["factual","main_text","catalog"],["factual","main_text","catalog"],["factual","main_text","catalog"],["factual","main_text","catalog"],["factual","main_text","catalog"],["factual","main_text","catalog"],["factual","main_text","catalog"],["factual","main_text","catalog"],["factual","main_text","catalog"]]
mdp.39015078414094	[["no_content","no_content","binding"],["no_content","no_content","stamp"],["no_content","no_content",""],["no_content","no_content",""],["factual","list",""],["factual","pub_info",""],["creative","ad",""],["creative","ad",""],["creative","ad",""],["creative","ad",""],["creative","pref_text",""],["creative","pref_text",""],["creative","pref_text",""],["creative","pref_text",""],["creative","main_text",""],["creative","main_text",""],["creative","main_text",""],["creative","main_text",""],["creative","main_text",""],["creative","main_text",""]]
mdp.39015078827345	[["no_content","no_content","binding"],["no_content","no_content","stamp"],["no_content","no_content",""],["no_content","no_content",""],["no_content","no_content",""],["no_content","no_content",""],["factual","cover",""],["no_content","no_content",""],["factual","title",""],["factual","pub_info",""],["creative","main_text","foreword"],["creative","pref_text","foreword"],["creative","pref_text","foreword"],["creative","pref_text","foreword"],["creative","pref_text","foreword"],["creative","pref_text","foreword"],["creative","pref_text","foreword"],["no_content","no_content",""],["factual","list",""],["factual","list",""]]
mdp.39015083073752	[["factual","cover",""],["no_content","no_content","stamp"],["no_content","no_content",""],["no_content","no_content",""],["factual","title",""],["factual","pub_info",""],["factual","list",""],["factual","list",""],["factual","list",""],["no_content","no_content",""],["factual","main_text","data table"],["factual","main_text","data table"],["factual","main_text","data table"],["factual","main_text","data table"],["factual","main_text","data table"],["factual","main_text","data table"],["factual","main_text","data table"],["no_content","no_content",""],["factual","title",""],["factual","main_text","data table"]]
mdp.39015085088683	[["no_content","no_content","page not available"],["no_content","no_content",""],["mixed","cover","cover design"],["no_content","no_content",""],["factual","title",""],["factual","pub_info",""],["factual","list",""],["factual","ad",""],["factual","main_text","publication catalog"],["factual","main_text","publication catalog"],["factual","main_text","publication catalog"],["factual","main_text","publication catalog"],["factual","main_text","publication catalog"],["factual","main_text","publication catalog"],["factual","main_text","publication catalog"],["factual","main_text","publication catalog"],["factual","main_text","publication catalog"],["factual","main_text","publication catalog"],["factual","main_text","publication catalog"],["factual","main_text","publication catalog"]]
mdp.39015085584459	[["mixed","main_text","title, list of contents, main text"],["creative","main_text",""],["creative","main_text",""],["creative","main_text",""],["creative","main_text",""],["creative","main_text",""],["creative","main_text",""],["creative","main_text",""],["creative","main_text",""],["creative","main_text",""],["creative","main_text",""],["creative","main_text",""],["creative","main_text",""],["creative","main_text",""],["creative","main_text",""],["creative","main_text",""],["creative","main_text","pages end at seq 16"],["creative","main_text","pages end at seq 16"],["creative","main_text","pages end at seq 16"],["creative","main_text","pages end at seq 16"]]
miun.acc6198.1927.011	[["mixed","cover","cover photo"],["creative","image","paintings accompany text"],["creative","main_text",""],["creative","image","illustration accompanies text"],["creative","image","photos accompany text"],["creative","image","photos accompany text"],["creative","main_text",""],["creative","image","photo accompanies text"],["creative","main_text",""],["creative","poem","lyrics"],["creative","image","photos accompany text"],["creative","image","photos accompany text"],["creative","image","photo accompanies text"],["creative","main_text",""],["creative","image","photos accompany text"],["creative","main_text",""],["creative","main_text",""],["creative","main_text",""],["creative","main_text",""],["creative","main_text",""]]
pst.000052842641	[["no_content","no_content","page not available"],["no_content","no_content","bookplate"],["no_content","no_content","page not available"],["no_content","no_content",""],["no_content","no_content","page not available"],["no_content","no_content",""],["no_content","no_content","page not available"],["no_content","no_content",""],["no_content","no_content","page not available"],["factual","pub_info",""],["no_content","no_content","page not available"],["no_content","no_content","bookplate"],["no_content","no_content","endpaper"],["no_content","no_content",""],["no_content","no_content",""],["no_content","no_content",""],["factual","title",""],["no_content","no_content",""],["factual","title",""],["factual","pub_info",""]]
pst.000055987486	[["factual","cover",""],["no_content","no_content","bookplate"],["no_content","no_content",""],["no_content","no_content",""],["creative","pref_text","note from committee chair"],["no_content","no_content",""],["creative","pref_text","preface"],["creative","pref_text","preface"],["factual","list",""],["factual","list",""],["factual","list",""],["no_content","no_content",""],["creative","main_text",""],["creative","main_text",""],["creative","main_text",""],["creative","main_text",""],["creative","main_text",""],["creative","main_text",""],["creative","main_text",""],["creative","main_text",""]]
txu.059172014647710	[["no_content","no_content","page not available"],["no_content","no_content","barcode, stamp"],["no_content","no_content",""],["no_content","no_content",""],["no_content","no_content",""],["no_content","no_content",""],["factual","pub_info",""],["factual","list",""],["factual","title",""],["no_content","no_content",""],["factual","title",""],["no_content","no_content",""],["creative","main_text",""],["creative","main_text",""],["creative","main_text",""],["creative","main_text",""],["creative","main_text",""],["creative","main_text",""],["creative","main_text",""],["creative","main_text",""]]
txu.059172147276392	[["no_content","no_content","binding"],["no_content","no_content","barcode, stamp"],["no_content","no_content",""],["no_content","no_content",""],["mixed","cover","cover art"],["factual","appendix",""],["no_content","no_content","stamp"],["no_content","no_content",""],["factual","title",""],["factual","pub_info",""],["factual","title",""],["factual","pub_info",""],["factual","list",""],["factual","list",""],["factual","title",""],["no_content","no_content",""],["creative","main_text",""],["creative","main_text",""],["creative","main_text",""],["creative","main_text",""]]
txu.059173016256041	[["mixed","cover","cover photo"],["creative","pref_text","book jacket summary"],["factual","title",""],["no_content","no_content",""],["factual","title",""],["factual","pub_info",""],["factual","dedication",""],["no_content","no_content",""],["creative","pref_text","acknowledgments"],["creative","pref_text","acknowledgments"],["factual","list",""],["factual","list",""],["factual","list",""],["factual","list",""],["factual","list",""],["factual","list",""],["factual","list",""],["no_content","no_content",""],["factual","list",""],["no_content","no_content",""]]
txu.059173018156649	[["mixed","cover","cover art"],["no_content","no_content","stamp"],["no_content","no_content",""],["no_content","no_content",""],["factual","title",""],["no_content","no_content",""],["creative","epigraph",""],["no_content","no_content",""],["creative","main_text",""],["creative","main_text",""],["creative","main_text",""],["creative","main_text",""],["creative","main_text",""],["creative","main_text",""],["creative","main_text",""],["no_content","no_content",""],["creative","main_text",""],["creative","main_text",""],["creative","main_text",""],["creative","main_text",""]]
txu.059173018244804	[["no_content","no_content","binding"],["no_content","no_content","stamp"],["no_content","no_content",""],["no_content","no_content",""],["factual","pref_text","binding order slip"],["no_content","no_content",""],["factual","title",""],["no_content","no_content",""],["no_content","no_content",""],["factual","pub_info",""],["factual","title",""],["no_content","no_content",""],["no_content","no_content",""],["no_content","no_content",""],["factual","title",""],["no_content","no_content",""],["creative","pref_text","reviews"],["creative","pref_text","reviews"],["creative","pref_text",""],["no_content","no_content",""]]
txu.059173022998795	[["no_content","no_content","library binding"],["no_content","no_content",""],["mixed","cover","cover design"],["no_content","no_content",""],["mixed","cover","cover design"],["no_content","no_content","stamp"],["factual","title",""],["no_content","no_content",""],["factual","pub_info",""],["no_content","no_content",""],["creative","image",""],["no_content","no_content",""],["creative","image",""],["no_content","no_content",""],["factual","dedication",""],["no_content","no_content",""],["creative","pref_text","acknowledgments"],["no_content","no_content",""],["creative","pref_text","preface"],["no_content","no_content",""]]
txu.059173023939124	[["no_content","no_content","library binding"],["no_content","no_content","stamp"],["no_content","no_content",""],["no_content","no_content",""],["mixed","cover","cover art"],["factual","ad",""],["factual","appendix",""],["no_content","no_content",""],["creative","main_text",""],["creative","main_text",""],["creative","main_text",""],["creative","main_text",""],["creative","main_text",""],["creative","main_text",""],["creative","main_text",""],["creative","main_text",""],["creative","main_text",""],["creative","main_text",""],["creative","main_text",""],["creative","main_text",""]]
txu.059173026580771	[["no_content","no_content","library binding"],["no_content","no_content","stamp"],["factual","cover",""],["no_content","no_content",""],["factual","title",""],["no_content","no_content",""],["factual","list",""],["no_content","no_content",""],["creative","pref_text",""],["no_content","no_content",""],["creative","main_text",""],["creative","main_text",""],["creative","image","image accompanies text"],["creative","main_text",""],["creative","main_text",""],["creative","main_text",""],["creative","main_text",""],["creative","main_text",""],["creative","image","image accompanies text"],["creative","main_text",""]]
txu.059173026662060	[["mixed","cover","cover illustration"],["no_content","no_content","stamp"],["no_content","no_content",""],["no_content","no_content",""],["no_content","no_content",""],["no_content","no_content",""],["factual","title",""],["factual","pub_info",""],["factual","title",""],["no_content","no_content",""],["creative","pref_text","introduction"],["creative","pref_text","introduction"],["factual","title",""],["no_content","no_content",""],["creative","main_text",""],["creative","main_text",""],["creative","poem",""],["creative","poem",""],["creative","poem",""],["creative","poem",""]]
txu.059173027763267	[["no_content","no_content","binding"],["no_content","no_content","stamp"],["no_content","no_content",""],["no_content","no_content",""],["factual","pref_text","binding order slip"],["no_content","no_content",""],["mixed","cover","cover design"],["creative","image",""],["factual","title",""],["creative","pref_text","note from editor"],["creative","main_text",""],["creative","main_text","glossary"],["creative","main_text","glossary"],["creative","main_text","glossary"],["creative","main_text",""],["creative","main_text",""],["creative","main_text",""],["creative","main_text",""],["creative","main_text",""],["creative","main_text",""]]
txu.059173032202349	[["mixed","cover","cover design"],["creative","pref_text","book jacket review"],["no_content","no_content",""],["no_content","no_content",""],["factual","title",""],["factual","pub_info",""],["factual","title",""],["no_content","no_content",""],["creative","pref_text","introduction"],["creative","pref_text","introduction"],["creative","pref_text","introduction"],["creative","pref_text","introduction"],["creative","pref_text","introduction"],["no_content","no_content",""],["creative","main_text",""],["creative","main_text",""],["creative","main_text",""],["creative","main_text",""],["creative","main_text",""],["creative","main_text",""]]
uc1.$b156266	[["no_content","no_content","library binding\n"],["no_content","no_content",""],["no_content","no_content",""],["no_content","no_content",""],["factual","title",""],["factual","pub_info",""],["factual","list",""],["factual","list",""],["creative","main_text",""],["creative","main_text",""],["creative","main_text",""],["creative","main_text",""],["creative","main_text",""],["creative","main_text",""],["creative","main_text",""],["creative","main_text",""],["creative","main_text",""],["creative","poem",""],["creative","poem",""],["creative","poem",""]]
uc1.$b451072	[["no_content","no_content",""],["no_content","no_content","endpaper"],["no_content","no_content","endpaper"],["no_content","no_content",""],["factual","title",""],["no_content","no_content",""],["factual","title",""],["no_content","no_content",""],["factual","title",""],["factual","pub_info",""],["factual","list",""],["no_content","no_content",""],["creative","pref_text","preface"],["no_content","no_content",""],["creative","pref_text","introduction"],["creative","pref_text","introduction"],["creative","pref_text","introduction"],["creative","pref_text","introduction"],["creative","pref_text","introduction"],["creative","pref_text","introduction"]]
uc1.$b753746	[["no_content","no_content","barcode"],["no_content","no_content","stamp"],["no_content","no_content",""],["no_content","no_content",""],["no_content","no_content",""],["no_content","no_content",""],["factual","title",""],["factual","pub_info",""],["factual","list",""],["no_content","no_content",""],["factual","list",""],["no_content","no_content",""],["creative","main_text",""],["creative","main_text",""],["creative","main_text",""],["creative","main_text",""],["creative","main_text",""],["creative","main_text",""],["creative","main_text",""],["creative","main_text",""]]
uc1.$b781378	[["no_content","no_content","library binding, barcode, cutter"],["no_content","no_content","stamp"],["factual","cover",""],["no_content","no_content",""],["factual","title",""],["factual","pub_info",""],["creative","pref_text","introduction"],["creative","pref_text","introduction"],["creative","pref_text","introduction"],["no_content","no_content",""],["creative","main_text",""],["creative","main_text",""],["creative","main_text",""],["creative","main_text",""],["creative","main_text",""],["creative","main_text",""],["creative","main_text",""],["creative","main_text",""],["creative","main_text",""],["creative","main_text",""]]
uc1.31822008882797	[["no_content","no_content","barcode"],["no_content","no_content","endpaper"],["no_content","no_content","endpaper"],["no_content","no_content",""],["no_content","no_content",""],["no_content","no_content",""],["factual","title",""],["factual","pub_info",""],["factual","list",""],["no_content","no_content",""],["factual","title",""],["factual","pub_info","manuscript submission instructions"],["mixed","main_text","starts with list of contents"],["creative","main_text",""],["creative","main_text",""],["creative","main_text",""],["creative","main_text",""],["creative","main_text",""],["creative","main_text",""],["creative","main_text",""]]
uc1.31822009437724	[["no_content","no_content","barcode"],["no_content","no_content","endpaper"],["no_content","no_content","endpaper"],["no_content","no_content",""],["no_content","no_content",""],["no_content","no_content",""],["mixed","cover","cover design"],["no_content","no_content",""],["factual","title",""],["no_content","no_content",""],["factual","list",""],["factual","list",""],["creative","pref_text","introduction"],["factual","image","line map"],["creative","main_text",""],["creative","main_text",""],["creative","main_text",""],["factual","main_text","data chart"],["creative","main_text",""],["factual","image","line map"]]
uc1.31822012814240	[["no_content","no_content","barcode"],["no_content","no_content","due date slip"],["no_content","no_content","barcode"],["no_content","no_content","due date slip"],["no_content","no_content","barcode"],["no_content","no_content",""],["factual","title",""],["factual","pub_info",""],["factual","title",""],["factual","pub_info",""],["creative","pref_text","preface"],["creative","pref_text","preface"],["creative","pref_text","preface"],["no_content","no_content",""],["factual","list",""],["factual","list",""],["factual","list",""],["factual","list",""],["factual","list",""],["factual","list",""]]
uc1.31822032061467	[["mixed","cover","cover art"],["creative","image",""],["creative","image",""],["factual","title",""],["creative","image",""],["no_content","no_content",""],["creative","pref_text","foreword"],["no_content","no_content",""],["creative","image",""],["no_content","no_content",""],["creative","image",""],["no_content","no_content",""],["creative","image",""],["no_content","no_content",""],["creative","image",""],["no_content","no_content",""],["creative","image",""],["creative","image",""],["creative","main_text",""],["creative","main_text",""]]
uc1.31822037383536	[["factual","cover",""],["no_content","no_content","endpaper"],["no_content","no_content","endpaper"],["no_content","no_content",""],["factual","title",""],["no_content","no_content",""],["creative","pref_text","preface"],["no_content","no_content",""],["factual","list",""],["no_content","no_content",""],["factual","list",""],["no_content","no_content",""],["creative","main_text",""],["no_content","no_content",""],["creative","main_text",""],["no_content","no_content",""],["creative","main_text",""],["no_content","no_content",""],["creative","main_text",""],["no_content","no_content",""]]
uc1.32106009793347	[["mixed","cover","cover art"],["no_content","no_content",""],["no_content","no_content",""],["no_content","no_content",""],["factual","title",""],["factual","pub_info",""],["factual","appendix",""],["creative","pref_text",""],["creative","pref_text","preface"],["creative","pref_text","preface"],["creative","pref_text","preface"],["creative","pref_text","preface"],["factual","list",""],["no_content","no_content",""],["factual","title",""],["no_content","no_content",""],["creative","main_text",""],["creative","main_text",""],["creative","main_text",""],["creative","main_text",""]]
uc1.32106019677639	[["factual","cover",""],["factual","image","line map"],["no_content","no_content",""],["no_content","no_content",""],["factual","title",""],["creative","pref_text","about the publisher"],["factual","title",""],["factual","pub_info",""],["factual","pub_info",""],["no_content","no_content",""],["creative","pref_text","preface"],["creative","pref_text","preface"],["creative","pref_text","preface"],["creative","pref_text",""],["creative","pref_text",""],["factual","appendix",""],["factual","appendix",""],["factual","appendix",""],["factual","appendix",""],["factual","appendix",""]]
uc1.b2804277	[["no_content","no_content","binding"],["no_content","no_content","stamp"],["no_content","no_content",""],["no_content","no_content",""],["factual","cover","cover art"],["no_content","no_content",""],["no_content","no_content",""],["no_content","no_content",""],["factual","title",""],["no_content","no_content",""],["creative","pref_text","author's note"],["no_content","no_content",""],["creative","pref_text",""],["creative","pref_text",""],["creative","image",""],["no_content","no_content",""],["factual","title",""],["no_content","no_content",""],["creative","main_text",""],["creative","main_text",""]]
uc1.b2852274	[["creative","image",""],["no_content","no_content","stamp"],["no_content","no_content",""],["no_content","no_content",""],["factual","title",""],["factual","pub_info",""],["factual","title",""],["factual","pub_info",""],["creative","main_text",""],["creative","main_text",""],["creative","main_text",""],["creative","main_text",""],["creative","main_text",""],["creative","main_text",""],["creative","main_text",""],["creative","main_text",""],["creative","main_text",""],["creative","main_text",""],["creative","main_text",""],["creative","main_text",""]]
uc1.b2898385	[["no_content","no_content","binding"],["no_content","no_content","endpaper"],["no_content","no_content","endpaper"],["no_content","no_content","stamp"],["no_content","no_content",""],["no_content","no_content",""],["creative","main_text",""],["creative","main_text",""],["creative","main_text",""],["creative","main_text",""],["creative","main_text",""],["creative","main_text",""],["creative","main_text",""],["creative","main_text",""],["creative","main_text",""],["creative","main_text",""],["creative","main_text",""],["creative","main_text",""],["creative","main_text",""],["creative","main_text",""]]
uc1.b2939168	[["no_content","no_content","barcode"],["no_content","no_content","stamp"],["no_content","no_content","stamp"],["no_content","no_content","stamp"],["no_content","no_content","stamp"],["no_content","no_content","stamp"],["no_content","no_content","stamp"],["no_content","no_content","stamp"],["no_content","no_content",""],["no_content","no_content",""],["factual","title",""],["factual","ad",""],["factual","title",""],["no_content","no_content","cutter"],["factual","list",""],["creative","pref_text","introductory note"],["creative","main_text",""],["factual","main_text","data table"],["factual","main_text","data table"],["factual","main_text","data table"]]
uc1.b3421165	[["no_content","no_content","barcode"],["no_content","no_content",""],["no_content","no_content",""],["no_content","no_content",""],["factual","list",""],["no_content","no_content",""],["factual","appendix",""],["factual","appendix",""],["creative","main_text",""],["creative","main_text",""],["creative","main_text",""],["creative","main_text",""],["creative","main_text",""],["creative","main_text",""],["creative","main_text",""],["creative","main_text",""],["creative","main_text",""],["creative","main_text",""],["creative","main_text",""],["creative","main_text",""]]
uc1.b3481316	[["no_content","no_content","page not available"],["no_content","no_content","bookplate"],["no_content","no_content",""],["no_content","no_content",""],["factual","title",""],["no_content","no_content","stamp"],["creative","main_text",""],["creative","main_text",""],["creative","main_text",""],["creative","main_text",""],["creative","main_text",""],["creative","main_text",""],["creative","main_text",""],["creative","main_text",""],["factual","main_text","data chart"],["creative","main_text",""],["creative","main_text",""],["creative","main_text",""],["creative","main_text",""],["creative","main_text",""]]
uc1.b3547878	[["no_content","no_content","barcode"],["no_content","no_content","stamp"],["no_content","no_content",""],["no_content","no_content",""],["factual","title",""],["creative","image",""],["factual","title",""],["factual","pub_info",""],["creative","pref_text","introduction"],["creative","pref_text","introduction"],["creative","pref_text","introduction"],["creative","pref_text","introduction"],["creative","pref_text","introduction"],["creative","pref_text","introduction"],["creative","pref_text","introduction"],["creative","pref_text","introduction"],["creative","pref_text","introduction"],["creative","pref_text","introduction"],["creative","pref_text","introduction"],["creative","pref_text","introduction"]]
uc1.b3556212	[["no_content","no_content","binding"],["no_content","no_content","endpaper"],["no_content","no_content","endpaper"],["no_content","no_content",""],["no_content","no_content",""],["no_content","no_content",""],["factual","cover",""],["creative","ad",""],["factual","pub_info",""],["factual","pub_info",""],["creative","main_text",""],["creative","main_text",""],["factual","appendix","instructions diagram"],["no_content","no_content",""],["factual","title",""],["no_content","no_content",""],["factual","appendix","index"],["factual","appendix","index"],["factual","appendix","index"],["factual","appendix","index"]]
uc1.b3595605	[["no_content","no_content","page not available"],["no_content","no_content","endpaper"],["no_content","no_content","endpaper"],["no_content","no_content",""],["no_content","no_content",""],["no_content","no_content",""],["factual","title",""],["no_content","no_content",""],["factual","title",""],["factual","pub_info",""],["factual","dedication",""],["no_content","no_content",""],["factual","list",""],["factual","list",""],["factual","list",""],["factual","list",""],["factual","list",""],["factual","list",""],["factual","list",""],["no_content","no_content",""]]
uc1.b3695993	[["no_content","no_content","barcode"],["no_content","no_content","stamp"],["no_content","no_content",""],["no_content","no_content",""],["factual","title",""],["factual","ad",""],["factual","title",""],["factual","pub_info",""],["factual","appendix",""],["no_content","no_content",""],["creative","pref_text","preface"],["no_content","no_content",""],["factual","list",""],["factual","list",""],["creative","main_text",""],["creative","main_text",""],["creative","main_text",""],["creative","main_text",""],["creative","main_text",""],["creative","main_text",""]]
uc1.b3932570	[["no_content","no_content","barcode, cutter"],["no_content","no_content",""],["no_content","no_content",""],["no_content","no_content",""],["mixed","cover","minimal cover design"],["no_content","no_content",""],["factual","title",""],["factual","pub_info",""],["creative","pref_text","introduction"],["creative","pref_text","introduction"],["creative","pref_text",""],["creative","pref_text",""],["creative","main_text",""],["creative","main_text",""],["creative","main_text",""],["creative","main_text",""],["creative","main_text",""],["creative","main_text",""],["creative","main_text",""],["creative","main_text",""]]
uc1.b3976907	[["no_content","no_content","binding"],["no_content","no_content","stamp"],["no_content","no_content",""],["no_content","no_content",""],["no_content","no_content",""],["no_content","no_content",""],["factual","title",""],["factual","appendix",""],["factual","list",""],["factual","pub_info",""],["creative","main_text",""],["creative","main_text",""],["creative","main_text",""],["creative","main_text",""],["creative","main_text",""],["creative","main_text",""],["creative","main_text",""],["creative","main_text",""],["creative","main_text",""],["creative","main_text",""]]
uc1.b4076272	[["no_content","no_content","binding"],["no_content","no_content","stamp"],["no_content","no_content",""],["no_content","no_content",""],["no_content","no_content",""],["no_content","no_content",""],["creative","pref_text",""],["no_content","no_content",""],["factual","title",""],["factual","pub_info",""],["creative","main_text",""],["creative","main_text",""],["creative","main_text",""],["creative","main_text",""],["creative","main_text",""],["creative","main_text",""],["creative","main_text",""],["creative","main_text",""],["creative","main_text",""],["creative","main_text",""]]
uc1.b4085814	[["no_content","no_content","binding"],["no_content","no_content","endpaper"],["no_content","no_content","endpaper"],["no_content","no_content",""],["no_content","no_content",""],["no_content","no_content",""],["factual","title",""],["no_content","no_content",""],["factual","appendix",""],["factual","appendix",""],["factual","appendix",""],["factual","appendix",""],["factual","appendix",""],["factual","appendix",""],["factual","appendix",""],["factual","appendix",""],["factual","appendix",""],["no_content","no_content",""],["factual","appendix",""],["factual","appendix",""]]
uc1.b4193076	[["no_content","no_content","barcode"],["no_content","no_content","stamp"],["no_content","no_content",""],["no_content","no_content",""],["factual","cover",""],["no_content","no_content",""],["factual","dedication",""],["no_content","no_content",""],["factual","title",""],["creative","epigraph",""],["creative","pref_text","preface"],["factual","list",""],["creative","main_text",""],["creative","main_text",""],["creative","main_text",""],["creative","main_text",""],["creative","main_text",""],["creative","main_text",""],["creative","main_text",""],["creative","main_text",""]]
uc1.b4216136	[["no_content","no_content","binding"],["no_content","no_content","endpaper"],["no_content","no_content",""],["no_content","no_content",""],["factual","cover",""],["factual","ad",""],["factual","list",""],["creative","pref_text","abstract"],["factual","appendix","bibliography"],["factual","appendix","bibliography"],["factual","appendix","bibliography"],["factual","appendix","bibliography"],["creative","main_text",""],["creative","main_text",""],["creative","main_text",""],["no_content","no_content",""],["creative","main_text",""],["creative","main_text",""],["creative","main_text",""],["creative","main_text",""]]
uc1.b4217033	[["factual","cover",""],["no_content","no_content","stamp"],["no_content","no_content",""],["no_content","no_content",""],["factual","pub_info",""],["no_content","no_content",""],["creative","pref_text",""],["creative","pref_text",""],["creative","pref_text",""],["creative","pref_text",""],["creative","pref_text",""],["creative","pref_text",""],["creative","pref_text",""],["no_content","no_content",""],["factual","title",""],["factual","appendix",""],["creative","main_text",""],["creative","main_text",""],["creative","main_text",""],["creative","main_text",""]]
uc1.b4398726	[["no_content","no_content","page not available"],["no_content","no_content","stamp"],["no_content","no_content",""],["no_content","no_content",""],["no_content","no_content",""],["no_content","no_content",""],["factual","cover",""],["no_content","no_content",""],["factual","title",""],["factual","list",""],["factual","list",""],["factual","main_text","bibliography"],["factual","main_text","bibliography"],["factual","main_text","bibliography"],["factual","main_text","bibliography"],["factual","main_text","bibliography"],["factual","main_text","bibliography"],["factual","main_text","bibliography"],["factual","main_text","bibliography"],["factual","main_text","bibliography"]]
uc1.b4437632	[["no_content","no_content",""],["no_content","no_content",""],["no_content","no_content",""],["no_content","no_content",""],["factual","title",""],["factual","ad",""],["factual","title",""],["factual","pub_info",""],["factual","list",""],["creative","image",""],["creative","pref_text","authors note"],["creative","pref_text","authors note"],["creative","pref_text","authors note"],["no_content","no_content",""],["factual","appendix",""],["factual","appendix",""],["factual","appendix",""],["no_content","no_content",""],["creative","main_text",""],["creative","main_text",""]]
uc1.b4483091	[["no_content","no_content","binding"],["no_content","no_content","endpaper"],["no_content","no_content","endpaper"],["no_content","no_content",""],["factual","cover",""],["factual","pub_info",""],["factual","title",""],["factual","pub_info",""],["creative","main_text",""],["creative","main_text",""],["creative","main_text",""],["creative","main_text",""],["creative","main_text",""],["creative","main_text",""],["creative","main_text",""],["creative","main_text",""],["creative","main_text",""],["creative","main_text",""],["creative","main_text",""],["creative","main_text",""]]
uc1.b4483306	[["no_content","no_content","binding"],["no_content","no_content","endpaper"],["no_content","no_content","endpaper"],["no_content","no_content",""],["factual","title",""],["factual","pub_info",""],["factual","appendix",""],["factual","appendix",""],["factual","appendix",""],["factual","appendix",""],["factual","appendix",""],["factual","appendix",""],["factual","appendix",""],["factual","appendix",""],["factual","appendix",""],["factual","appendix",""],["factual","appendix",""],["factual","appendix",""],["factual","appendix",""],["creative","pref_text","foreword"]]
uc1.c101121299	[["factual","cover",""],["mixed","pub_info","Title, pub info, abstract, "],["factual","title",""],["no_content","no_content",""],["factual","list",""],["no_content","no_content",""],["creative","pref_text","acknowledgments"],["no_content","no_content",""],["creative","main_text",""],["creative","main_text",""],["creative","main_text",""],["creative","main_text",""],["creative","main_text",""],["creative","main_text",""],["factual","main_text","data charts"],["creative","main_text",""],["creative","main_text",""],["creative","main_text",""],["factual","main_text","line maps"],["creative","main_text",""]]
uc1.x58537	[["no_content","no_content","binding"],["no_content","no_content","bookplate"],["no_content","no_content","endpaper"],["no_content","no_content",""],["factual","pub_info",""],["no_content","no_content",""],["factual","pub_info",""],["no_content","no_content",""],["factual","pub_info",""],["no_content","no_content",""],["creative","pref_text","preface"],["no_content","no_content",""],["creative","pref_text","acknowledgments"],["no_content","no_content",""],["creative","pref_text","acknowledgments"],["no_content","no_content",""],["creative","main_text",""],["no_content","no_content",""],["creative","main_text",""],["no_content","no_content",""]]
uc1.z006372816	[["no_content","no_content","binding"],["no_content","no_content","due date slilp"],["no_content","no_content","cutter"],["no_content","no_content",""],["no_content","no_content",""],["no_content","no_content",""],["creative","main_text",""],["creative","main_text",""],["creative","main_text",""],["creative","main_text",""],["creative","main_text",""],["creative","main_text",""],["creative","main_text",""],["creative","main_text",""],["creative","main_text",""],["creative","main_text",""],["creative","main_text",""],["creative","main_text",""],["creative","main_text",""],["creative","main_text",""]]
uiug.30112007812560	[["no_content","no_content","binding"],["no_content","no_content","scan bed"],["no_content","no_content","binding"],["no_content","no_content","bookplate"],["no_content","no_content","due date slip"],["no_content","no_content",""],["no_content","no_content",""],["no_content","no_content",""],["mixed","cover","cover illustration"],["creative","ad",""],["factual","list",""],["creative","ad",""],["creative","appendix","event calendar"],["creative","ad",""],["creative","appendix","program calendar"],["creative","ad",""],["creative","main_text",""],["creative","ad",""],["creative","main_text",""],["creative","ad",""]]
uiug.30112023902718	[["no_content","no_content","binding"],["no_content","no_content","bookplate"],["no_content","no_content","due date slip"],["no_content","no_content",""],["no_content","no_content",""],["no_content","no_content",""],["no_content","no_content",""],["creative","image","logo"],["factual","title",""],["factual","pub_info",""],["creative","pref_text","foreword"],["creative","pref_text","foreword"],["factual","list",""],["factual","list",""],["factual","list",""],["factual","list",""],["factual","list",""],["factual","list",""],["creative","main_text",""],["creative","main_text",""]]
uma.ark:/13960/t3pv7tv3p	[["factual","cover",""],["no_content","no_content",""],["factual","title","about this publication"],["no_content","no_content",""],["creative","main_text",""],["creative","main_text",""],["creative","main_text",""],["creative","main_text",""],["creative","main_text",""],["creative","main_text",""],["creative","main_text",""],["creative","main_text",""],["creative","main_text",""],["creative","main_text",""],["creative","main_text",""],["creative","main_text",""],["creative","main_text",""],["factual","list",""],["factual","list",""],["factual","pub_info",""]]
umn.31951d01084391a	[["no_content","no_content","binding"],["no_content","no_content","page not available"],["creative","image",""],["no_content","no_content",""],["factual","main_text","bibliography"],["factual","main_text","bibliography"],["factual","main_text","bibliography"],["factual","main_text","bibliography"],["factual","main_text","bibliography"],["factual","main_text","bibliography"],["factual","main_text","bibliography"],["factual","main_text","bibliography"],["factual","image","artifacts"],["factual","image","artifacts"],["factual","image","artifacts"],["factual","image","artifacts"],["factual","image","artifacts"],["factual","image","artifacts"],["factual","main_text","bibliography"],["factual","main_text","bibliography"]]
umn.31951d011110813	[["no_content","no_content","binding"],["no_content","no_content","bookplate"],["no_content","no_content",""],["no_content","no_content",""],["factual","title",""],["no_content","no_content",""],["creative","main_text",""],["creative","main_text",""],["creative","main_text",""],["creative","main_text",""],["creative","main_text",""],["creative","main_text",""],["creative","main_text",""],["creative","main_text",""],["creative","main_text",""],["creative","main_text",""],["creative","main_text",""],["creative","main_text",""],["creative","main_text",""],["creative","main_text",""]]
uva.x001753155	[["mixed","cover","cover design"],["no_content","no_content",""],["factual","title",""],["no_content","no_content",""],["factual","pub_info",""],["no_content","no_content",""],["factual","list",""],["no_content","no_content",""],["creative","main_text",""],["creative","main_text",""],["creative","main_text",""],["creative","main_text",""],["factual","list",""],["no_content","no_content",""],["creative","main_text",""],["creative","main_text",""],["creative","main_text",""],["creative","main_text",""],["creative","main_text",""],["creative","main_text",""]]
uva.x004311788	[["no_content","no_content","barcode"],["no_content","no_content",""],["no_content","no_content",""],["no_content","no_content",""],["no_content","no_content","stamp"],["no_content","no_content",""],["factual","cover",""],["factual","pub_info",""],["factual","list",""],["factual","list",""],["factual","appendix",""],["factual","appendix",""],["factual","appendix",""],["creative","pref_text",""],["creative","pref_text",""],["creative","pref_text",""],["creative","main_text",""],["creative","main_text",""],["creative","main_text",""],["creative","main_text",""]]
uva.x030227449	[["no_content","no_content","binding"],["no_content","no_content",""],["no_content","no_content",""],["no_content","no_content",""],["no_content","no_content",""],["no_content","no_content",""],["factual","title",""],["factual","appendix",""],["factual","appendix",""],["factual","appendix",""],["factual","appendix",""],["factual","appendix",""],["factual","appendix",""],["factual","appendix",""],["mixed","cover","cover photo"],["factual","list","pub info"],["creative","main_text",""],["creative","main_text",""],["creative","main_text",""],["creative","main_text",""]]
wu.89007881097	[["no_content","no_content","cutter"],["no_content","no_content","stamp"],["mixed","title","cover illustration"],["no_content","no_content","stamp"],["factual","title",""],["factual","ad",""],["factual","title",""],["factual","pub_info",""],["creative","image",""],["no_content","no_content",""],["creative","poem",""],["creative","poem",""],["creative","poem","image"],["creative","poem",""],["creative","image","poem too"],["creative","poem",""],["creative","poem","image, poem"],["creative","poem",""],["creative","image","image, poem"],["creative","poem",""]]
wu.89058387689	[["no_content","no_content","binding"],["creative","image","logo"],["no_content","no_content",""],["no_content","no_content",""],["factual","title",""],["no_content","no_content",""],["factual","title",""],["factual","pub_info",""],["factual","dedication",""],["no_content","no_content",""],["creative","pref_text","preface"],["creative","pref_text","preface"],["creative","pref_text","preface"],["no_content","no_content",""],["factual","list",""],["no_content","no_content",""],["factual","list",""],["no_content","no_content",""],["creative","main_text",""],["creative","main_text",""]]
wu.89090640525	[["factual","cover","library binding"],["no_content","no_content",""],["no_content","no_content","stamp"],["no_content","no_content",""],["factual","pub_info",""],["no_content","no_content",""],["factual","title",""],["factual","pub_info",""],["factual","pub_info",""],["factual","pub_info",""],["creative","pref_text","abstract"],["creative","pref_text","abstract"],["creative","pref_text","acknowledgments"],["creative","pref_text","acknowledgments"],["factual","list",""],["factual","list",""],["creative","main_text",""],["creative","main_text",""],["creative","main_text",""],["creative","main_text",""]]
coo.31924017772470	[["factual","cover",""],["factual","pub_info",""],["factual","list",""],["creative","pref_text","foreword"],["creative","main_text",""],["creative","main_text",""],["creative","main_text",""],["creative","main_text",""],["creative","main_text",""],["creative","main_text",""],["creative","main_text",""],["creative","main_text",""],["creative","main_text",""],["creative","main_text",""],["creative","main_text",""],["creative","main_text",""],["creative","main_text",""],["creative","main_text",""],["creative","main_text",""],["creative","main_text",""]]
inu.30000067225585	[["no_content","no_content","binding"],["no_content","no_content",""],["no_content","no_content",""],["no_content","no_content",""],["no_content","no_content",""],["no_content","no_content",""],["factual","title",""],["creative","ad",""],["creative","ad",""],["factual","appendix",""],["factual","appendix",""],["factual","list",""],["factual","list",""],["factual","list",""],["creative","main_text",""],["creative","main_text",""],["creative","main_text",""],["creative","main_text",""],["creative","main_text",""],["creative","main_text",""]]
mdp.39015008375506	[["no_content","no_content","binding"],["no_content","no_content","stamp"],["no_content","no_content",""],["no_content","no_content",""],["factual","title",""],["factual","ad",""],["factual","title",""],["factual","pub_info",""],["factual","dedication",""],["no_content","no_content",""],["factual","appendix",""],["no_content","no_content",""],["factual","list",""],["no_content","no_content",""],["creative","pref_text",""],["creative","pref_text",""],["creative","pref_text",""],["creative","pref_text",""],["creative","pref_text",""],["creative","pref_text",""]]
mdp.39015018253644	[["no_content","no_content","binding"],["no_content","no_content",""],["factual","cover",""],["factual","pref_text",""],["factual","title",""],["factual","pub_info",""],["creative","pref_text","preface"],["no_content","no_content",""],["factual","list",""],["no_content","no_content",""],["creative","pref_text","foreword"],["creative","main_text",""],["creative","main_text",""],["creative","main_text",""],["creative","main_text",""],["creative","main_text",""],["creative","main_text",""],["creative","main_text",""],["creative","main_text",""],["no_content","no_content",""]]
mdp.39015060850982	[["no_content","no_content","binding"],["no_content","no_content","stamp"],["no_content","no_content",""],["no_content","no_content",""],["factual","title",""],["factual","pub_info",""],["no_content","no_content",""],["no_content","no_content",""],["factual","title",""],["factual","pub_info",""],["factual","list",""],["factual","list",""],["factual","list",""],["no_content","no_content",""],["creative","pref_text",""],["creative","pref_text",""],["creative","pref_text",""],["creative","pref_text",""],["creative","pref_text",""],["no_content","no_content",""]]
txu.059173018099738	[["no_content","no_content","binding"],["no_content","no_content","bookplate"],["factual","title",""],["no_content","no_content",""],["creative","main_text",""],["no_content","no_content",""],["creative","main_text",""],["no_content","no_content",""],["creative","main_text",""],["no_content","no_content",""],["creative","main_text",""],["no_content","no_content",""],["creative","main_text",""],["no_content","no_content",""],["creative","main_text",""],["no_content","no_content",""],["creative","main_text",""],["no_content","no_content",""],["no_content","no_content",""],["no_content","no_content","barcode"]]
uc1.32106014205063	[["no_content","no_content","barcode"],["no_content","no_content","endpaper"],["no_content","no_content",""],["no_content","no_content",""],["factual","title",""],["no_content","no_content",""],["no_content","no_content",""],["creative","image",""],["factual","title","public domain epigraph"],["factual","pub_info",""],["factual","dedication",""],["no_content","no_content",""],["creative","pref_text","preface"],["creative","pref_text","preface"],["creative","pref_text","preface"],["no_content","no_content",""],["factual","appendix","corrections"],["no_content","no_content",""],["factual","list",""],["factual","pref_text","explanatory note"]]
uc1.b3440486	[["no_content","no_content","binding"],["no_content","no_content","endpaper"],["no_content","no_content","endpaper"],["no_content","no_content",""],["no_content","no_content",""],["no_content","no_content",""],["factual","cover",""],["factual","list",""],["factual","title",""],["no_content","no_content",""],["creative","main_text",""],["creative","main_text",""],["creative","main_text",""],["creative","main_text",""],["creative","main_text",""],["creative","main_text",""],["creative","main_text",""],["creative","main_text",""],["creative","main_text",""],["creative","main_text",""]]
uc1.b4350250	[["mixed","cover","cover art"],["no_content","no_content","stamp"],["no_content","no_content",""],["no_content","no_content",""],["creative","pref_text","book synopsis"],["factual","ad",""],["factual","title",""],["factual","pub_info",""],["factual","list",""],["creative","pref_text","author's note"],["creative","main_text",""],["creative","main_text",""],["creative","main_text",""],["creative","main_text",""],["creative","main_text",""],["creative","main_text",""],["creative","main_text",""],["creative","main_text",""],["creative","main_text",""],["creative","main_text",""]]
uc1.c2830857	[["factual","cover",""],["no_content","no_content","scan bed"],["factual","title",""],["no_content","no_content",""],["creative","main_text",""],["creative","main_text",""],["creative","main_text",""],["creative","main_text",""],["creative","main_text",""],["creative","main_text",""],["creative","main_text",""],["creative","main_text",""],["creative","main_text",""],["creative","main_text",""],["creative","main_text",""],["creative","main_text",""],["creative","main_text",""],["creative","main_text",""],["creative","main_text",""],["creative","main_text",""]]
ien.35556003318441	[["no_content","no_content","binding"],["no_content","no_content","bookplate"],["no_content","no_content",""],["no_content","no_content",""],["no_content","no_content",""],["no_content","no_content",""],["factual","title",""],["no_content","no_content",""],["factual","title",""],["factual","list",""],["creative","pref_text","foreword"],["creative","main_text",""],["creative","main_text",""],["factual","main_text","data chart"],["factual","main_text","data chart"],["factual","main_text","data chart"],["factual","main_text","data chart"],["creative","main_text",""],["factual","main_text","data chart"],["factual","main_text","data chart"]]
inu.30000011756701	[["no_content","no_content","binding"],["no_content","no_content","endpaper"],["no_content","no_content","endpaper"],["no_content","no_content",""],["no_content","no_content",""],["no_content","no_content",""],["factual","title",""],["factual","pub_info",""],["creative","pref_text",""],["creative","pref_text",""],["creative","pref_text",""],["no_content","no_content",""],["factual","appendix",""],["factual","appendix",""],["factual","list",""],["factual","list",""],["factual","list",""],["factual","list",""],["factual","list",""],["factual","list",""]]
mdp.39015014467230	[["factual","cover",""],["no_content","no_content","stamp"],["no_content","no_content",""],["no_content","no_content",""],["factual","pub_info",""],["factual","pub_info",""],["factual","title",""],["factual","pub_info",""],["creative","pref_text","foreword"],["no_content","no_content",""],["creative","pref_text","preface"],["no_content","no_content",""],["creative","pref_text","acknowledgments"],["no_content","no_content",""],["factual","list",""],["factual","list",""],["factual","list",""],["no_content","no_content",""],["factual","appendix",""],["factual","appendix",""]]
mdp.39015038537083	[["mixed","cover","cover photo"],["no_content","no_content","stamp"],["no_content","no_content",""],["no_content","no_content",""],["factual","title",""],["factual","ad",""],["factual","title",""],["factual","pub_info",""],["factual","dedication",""],["no_content","no_content",""],["factual","list",""],["no_content","no_content",""],["factual","list",""],["factual","list",""],["factual","list",""],["factual","list",""],["factual","list",""],["factual","list",""],["creative","pref_text","preface"],["creative","pref_text","preface"]]
mdp.39015039868503	[["factual","cover",""],["no_content","no_content","stamp"],["no_content","no_content",""],["no_content","no_content",""],["factual","title",""],["no_content","no_content",""],["factual","title",""],["factual","pub_info",""],["creative","pref_text","preface"],["factual","pub_info",""],["factual","appendix",""],["factual","appendix",""],["factual","appendix",""],["factual","appendix",""],["factual","appendix",""],["factual","appendix",""],["factual","appendix",""],["factual","appendix",""],["creative","main_text",""],["creative","image",""]]
mdp.39015054001212	[["no_content","no_content","binding"],["no_content","no_content","stamp"],["no_content","no_content",""],["no_content","no_content",""],["factual","pref_text","care instructions"],["no_content","no_content",""],["factual","title",""],["no_content","no_content",""],["factual","title",""],["factual","pub_info",""],["factual","list",""],["factual","list",""],["creative","main_text",""],["creative","main_text",""],["creative","main_text",""],["creative","main_text",""],["creative","main_text",""],["creative","main_text",""],["creative","main_text",""],["creative","main_text",""]]
mdp.39015061116508	[["no_content","no_content","cutter"],["no_content","no_content","stamp"],["no_content","no_content","date"],["no_content","no_content",""],["factual","title",""],["factual","pub_info",""],["creative","pref_text","acknowledgment"],["creative","pref_text","acknowledgment"],["factual","appendix",""],["factual","appendix",""],["factual","list",""],["no_content","no_content",""],["creative","main_text",""],["creative","main_text",""],["creative","main_text",""],["creative","main_text",""],["creative","main_text",""],["creative","main_text",""],["creative","main_text",""],["creative","main_text",""]]
mdp.39015064720553	[["mixed","cover","cover design"],["no_content","no_content","stamp"],["factual","title",""],["no_content","no_content",""],["factual","title",""],["factual","pub_info",""],["factual","list",""],["factual","title",""],["creative","pref_text","introduction"],["creative","pref_text","introduction"],["creative","pref_text","introduction"],["creative","pref_text","introduction"],["creative","pref_text","introduction"],["creative","pref_text","introduction"],["creative","pref_text","introduction"],["creative","pref_text","introduction"],["creative","pref_text","introduction"],["creative","image","cartoon"],["creative","main_text",""],["creative","main_text",""]]
mdp.39015067489016	[["no_content","no_content","binding"],["no_content","no_content","stamp"],["no_content","no_content",""],["no_content","no_content",""],["no_content","no_content",""],["no_content","no_content",""],["factual","title",""],["factual","pub_info",""],["creative","pref_text","acknowledgments"],["no_content","no_content",""],["creative","pref_text","introduction"],["creative","pref_text","introduction"],["creative","pref_text","introduction"],["creative","pref_text","introduction"],["creative","pref_text","introduction"],["creative","pref_text","introduction"],["creative","pref_text","introduction"],["creative","pref_text","introduction"],["creative","main_text",""],["creative","main_text",""]]
mdp.39015075620966	[["factual","cover",""],["no_content","no_content","stamp"],["no_content","no_content",""],["no_content","no_content","stamp"],["no_content","no_content",""],["no_content","no_content",""],["no_content","no_content",""],["no_content","no_content",""],["factual","pub_info",""],["factual","pub_info","web address"],["factual","title",""],["factual","pub_info",""],["creative","pref_text","acknowledgments"],["no_content","no_content",""],["creative","epigraph","unattributed"],["no_content","no_content",""],["creative","epigraph",""],["no_content","no_content",""],["creative","pref_text","introduction"],["creative","pref_text","introduction"]]
osu.32435058521170	[["no_content","no_content","page not available"],["no_content","no_content","scan bed"],["no_content","no_content","binding"],["no_content","no_content","endpaper"],["no_content","no_content","endpaper"],["no_content","no_content",""],["no_content","no_content",""],["no_content","no_content",""],["no_content","no_content",""],["no_content","no_content",""],["factual","title",""],["factual","list",""],["creative","pref_text","foreword"],["no_content","no_content",""],["creative","main_text",""],["creative","main_text",""],["creative","main_text",""],["creative","main_text",""],["creative","main_text",""],["creative","main_text",""]]
uc1.$b154466	[["factual","cover",""],["no_content","no_content","stamp"],["no_content","no_content",""],["no_content","no_content",""],["factual","title",""],["factual","pub_info",""],["factual","appendix",""],["no_content","no_content",""],["factual","title",""],["factual","pub_info",""],["factual","dedication",""],["no_content","no_content",""],["creative","pref_text","preface"],["creative","pref_text","preface"],["creative","pref_text","preface"],["creative","pref_text","preface"],["factual","list",""],["factual","list",""],["factual","list",""],["factual","list",""]]
uc1.$b801879	[["no_content","no_content","binding"],["no_content","no_content","stamp"],["no_content","no_content",""],["no_content","no_content",""],["no_content","no_content",""],["no_content","no_content",""],["factual","title",""],["factual","ad",""],["factual","list",""],["no_content","no_content",""],["factual","pub_info",""],["no_content","no_content","stamp"],["creative","main_text",""],["creative","main_text",""],["creative","main_text",""],["creative","main_text",""],["creative","main_text",""],["creative","main_text",""],["creative","main_text",""],["creative","main_text","chart"]]
uc1.$b810026	[["no_content","no_content","binding"],["no_content","no_content","stamp"],["no_content","no_content",""],["no_content","no_content","stamp"],["no_content","no_content",""],["no_content","no_content",""],["factual","title",""],["no_content","no_content",""],["factual","title",""],["factual","pub_info",""],["creative","pref_text","foreword"],["creative","pref_text","foreword"],["factual","list",""],["factual","list",""],["creative","image","1769 public domain"],["factual","pub_info",""],["creative","pref_text",""],["creative","pref_text",""],["creative","pref_text",""],["creative","pref_text",""]]
uc1.b3044622	[["no_content","no_content","barcode"],["no_content","no_content","stamp"],["no_content","no_content",""],["no_content","no_content",""],["factual","cover",""],["no_content","no_content",""],["factual","title",""],["factual","pub_info",""],["factual","list",""],["no_content","no_content",""],["factual","list",""],["mixed","main_text","list of content, epigraph, main text"],["creative","main_text",""],["creative","main_text",""],["creative","main_text",""],["creative","main_text",""],["creative","main_text",""],["creative","main_text",""],["creative","main_text",""],["creative","main_text",""]]
uc1.b3718274	[["factual","cover",""],["no_content","no_content","stamp"],["no_content","no_content",""],["no_content","no_content",""],["no_content","no_content",""],["factual","title",""],["factual","title",""],["factual","pub_info",""],["factual","dedication",""],["no_content","no_content",""],["factual","list",""],["factual","list",""],["factual","list",""],["factual","list",""],["factual","list",""],["factual","list",""],["creative","main_text",""],["creative","main_text",""],["creative","main_text",""],["creative","main_text",""]]
uc1.b3843908	[["factual","cover",""],["no_content","no_content","bookplate"],["factual","pub_info",""],["no_content","no_content","bookplate"],["factual","title",""],["no_content","no_content",""],["factual","pub_info",""],["factual","title",""],["factual","title",""],["factual","pub_info",""],["factual","dedication",""],["no_content","no_content",""],["factual","list",""],["factual","list",""],["factual","list",""],["no_content","no_content",""],["creative","pref_text","preface"],["creative","pref_text","preface"],["creative","pref_text","preface"],["no_content","no_content",""]]
uc1.d0000417527	[["no_content","no_content","binding"],["no_content","no_content",""],["no_content","no_content","endpaper"],["no_content","no_content",""],["no_content","no_content",""],["no_content","no_content",""],["factual","title",""],["factual","list",""],["creative","main_text",""],["creative","main_text",""],["creative","main_text",""],["creative","main_text",""],["creative","main_text",""],["creative","main_text",""],["creative","main_text",""],["creative","main_text",""],["creative","main_text",""],["creative","main_text",""],["creative","main_text",""],["creative","main_text",""]]
uiug.30112054135311	[["no_content","no_content","binding"],["no_content","no_content","bookplate"],["no_content","no_content",""],["no_content","no_content",""],["no_content","no_content",""],["no_content","no_content",""],["factual","cover",""],["no_content","no_content",""],["factual","title",""],["no_content","no_content",""],["factual","title",""],["factual","pub_info",""],["creative","main_text","preface"],["creative","main_text","preface"],["creative","main_text","introduction"],["creative","pref_text","introduction"],["creative","pref_text","introduction"],["creative","pref_text","introduction"],["creative","main_text",""],["creative","main_text",""]]
umn.31951d02153534m	[["factual","cover",""],["factual","ad","covered by bookplate"],["factual","title",""],["factual","appendix",""],["factual","list",""],["factual","list",""],["factual","list",""],["no_content","no_content",""],["factual","main_text","data chart"],["no_content","no_content",""],["factual","main_text","data chart"],["no_content","no_content",""],["factual","main_text","data chart"],["no_content","no_content",""],["factual","main_text","data chart"],["no_content","no_content",""],["factual","main_text","data chart"],["no_content","no_content",""],["factual","pub_info","disclaimer"],["no_content","no_content",""]]
uva.x006007750	[["no_content","no_content","cutter, barcode"],["no_content","no_content",""],["factual","cover",""],["no_content","no_content",""],["factual","title",""],["factual","pub_info",""],["creative","pref_text","introduction"],["factual","ad",""],["factual","list",""],["no_content","no_content",""],["creative","main_text",""],["creative","main_text",""],["creative","main_text",""],["creative","main_text",""],["creative","main_text",""],["creative","main_text",""],["creative","main_text",""],["creative","main_text",""],["creative","main_text",""],["creative","main_text",""]]
wu.89018159822	[["no_content","no_content","page not available"],["no_content","no_content",""],["no_content","no_content",""],["no_content","no_content",""],["no_content","no_content",""],["no_content","no_content",""],["factual","cover",""],["factual","pref_text","manuscript instructions"],["factual","appendix",""],["factual","appendix",""],["factual","appendix",""],["factual","appendix",""],["mixed","list","abstracts of each chapter"],["mixed","list","abstracts of each chapter"],["mixed","list","abstracts of each chapter"],["factual","list",""],["creative","pref_text","letter from editor"],["creative","pref_text","letter from editor"],["creative","main_text",""],["creative","main_text",""]]
wu.89030514202	[["no_content","no_content","page not available"],["no_content","no_content","binding"],["no_content","no_content","binding"],["no_content","no_content","binding"],["factual","title",""],["creative","image",""],["factual","pub_info",""],["factual","pub_info",""],["factual","list",""],["no_content","no_content",""],["factual","appendix",""],["creative","main_text",""],["creative","main_text",""],["creative","main_text",""],["creative","main_text",""],["creative","main_text",""],["creative","main_text",""],["no_content","no_content",""],["factual","pub_info",""],["creative","image",""]]
wu.89062999933	[["no_content","no_content","binding"],["no_content","no_content","stamp"],["no_content","no_content",""],["no_content","no_content",""],["mixed","main_text","title, pub info, main text"],["creative","main_text",""],["creative","main_text",""],["creative","main_text",""],["creative","main_text",""],["creative","main_text",""],["creative","main_text",""],["creative","main_text",""],["mixed","main_text","title, pub info, main text"],["creative","main_text",""],["creative","main_text",""],["creative","main_text",""],["creative","main_text",""],["creative","main_text",""],["creative","main_text",""],["creative","main_text",""]]
coo.31924003530924	[["no_content","no_content","page not available"],["creative","main_text",""],["creative","main_text","distorted scan, due date slip"],["no_content","no_content",""],["no_content","no_content","page not available"],["factual","title",""],["no_content","no_content","page not available"],["factual","pub_info",""],["no_content","no_content","page not available"],["factual","main_text","list of items, scan is distorted"],["no_content","no_content","page not available"],["no_content","no_content",""],["creative","pref_text","foreword"],["creative","pref_text","foreword"],["creative","pref_text",""],["no_content","no_content",""],["factual","title",""],["no_content","no_content",""],["creative","main_text",""],["creative","main_text",""]]
coo.31924004057562	[["no_content","no_content","binding"],["no_content","no_content","bookplate"],["no_content","no_content","due date slip"],["no_content","no_content",""],["no_content","no_content",""],["no_content","no_content",""],["factual","title",""],["no_content","no_content",""],["creative","pref_text","foreword"],["mixed","list","two pages in one scan. foreword, list of content"],["factual","list","two pages in one scan. List of content, title"],["creative","main_text",""],["creative","main_text",""],["creative","main_text",""],["creative","main_text",""],["creative","main_text",""],["creative","main_text",""],["creative","main_text",""],["creative","main_text",""],["creative","main_text",""]]
coo.31924004649970	[["factual","cover",""],["no_content","no_content","bookplate, barcode"],["factual","title","title page covered by due date slip"],["no_content","no_content",""],["factual","pref_text","foreword"],["no_content","no_content",""],["creative","main_text",""],["no_content","no_content",""],["creative","main_text",""],["no_content","no_content",""],["creative","main_text",""],["no_content","no_content",""],["creative","main_text",""],["no_content","no_content",""],["creative","main_text",""],["no_content","no_content",""],["creative","main_text",""],["no_content","no_content",""],["creative","image",""],["no_content","no_content",""]]
coo.31924058396528	[["no_content","no_content","cutter"],["no_content","no_content","bookplate"],["mixed","cover","cover photo"],["mixed","pref_text","pub info with an about"],["factual","title",""],["no_content","no_content",""],["factual","list",""],["no_content","no_content",""],["creative","image","image accompanies text"],["creative","main_text",""],["creative","image",""],["creative","image","images accompany text"],["creative","image","images accompany text"],["creative","image","images accompany text"],["creative","image","image accompanies text"],["creative","image","images accompany text"],["creative","image","images accompany text"],["creative","image","images accompany text"],["creative","image","images accompany text"],["creative","image","map"]]
coo.31924059636781	[["no_content","no_content","page not available"],["creative","image","line map"],["creative","image","map"],["no_content","no_content",""],["factual","title",""],["no_content","no_content",""],["factual","title",""],["factual","pub_info",""],["factual","list",""],["factual","appendix",""],["factual","appendix",""],["creative","pref_text","preface"],["creative","pref_text","notes"],["creative","pref_text","notes"],["factual","appendix",""],["factual","appendix",""],["creative","main_text",""],["creative","main_text",""],["creative","image","map"],["creative","main_text",""]]
coo.31924074255153	[["no_content","no_content","binding"],["no_content","no_content","bookplate"],["no_content","no_content","due date slip"],["no_content","no_content","cutter"],["creative","ad",""],["creative","ad",""],["creative","ad",""],["creative","ad",""],["creative","ad",""],["creative","ad",""],["creative","ad",""],["factual","list",""],["creative","ad",""],["creative","main_text",""],["creative","ad",""],["creative","main_text",""],["creative","ad",""],["creative","main_text",""],["creative","ad",""],["creative","image","photos accompany text"]]
coo.31924086579434	[["no_content","no_content","cutter"],["no_content","no_content","bookplate"],["no_content","no_content","due date slip"],["no_content","no_content",""],["no_content","no_content",""],["no_content","no_content","cutter"],["factual","cover",""],["factual","pub_info",""],["factual","list",""],["factual","list",""],["creative","main_text",""],["factual","main_text","data chart"],["creative","main_text",""],["creative","main_text",""],["creative","main_text",""],["creative","main_text",""],["creative","main_text",""],["creative","main_text",""],["creative","main_text",""],["creative","main_text",""]]
coo.31924096991595	[["mixed","cover","cover photos"],["no_content","no_content","stamp"],["no_content","no_content","barcode, due date slip"],["no_content","no_content",""],["factual","title",""],["factual","pub_info",""],["factual","title",""],["factual","pub_info",""],["creative","pref_text","preface"],["creative","pref_text","preface"],["factual","list",""],["factual","list",""],["factual","appendix",""],["no_content","no_content",""],["factual","title",""],["no_content","no_content",""],["mixed","main_text","chapter content list, abstract"],["creative","main_text",""],["creative","main_text",""],["creative","main_text",""]]
iau.31858025899000	[["factual","cover",""],["no_content","no_content",""],["factual","title",""],["no_content","no_content",""],["factual","list",""],["no_content","no_content",""],["creative","pref_text","acknowledgment"],["creative","pref_text","summary"],["creative","pref_text","background"],["creative","main_text",""],["creative","main_text",""],["creative","image","image accompanies text"],["creative","image",""],["creative","image","image accompanies text"],["creative","image","image accompanies text"],["creative","image",""],["creative","image",""],["creative","image","image accompanies text"],["creative","image",""],["creative","image","image accompanies text"]]
ien.35556017764309	[["no_content","no_content","binding"],["no_content","no_content","stamp"],["no_content","no_content",""],["no_content","no_content","stamp"],["no_content","no_content",""],["no_content","no_content",""],["factual","title",""],["factual","ad",""],["factual","title",""],["factual","pub_info",""],["creative","pref_text","introduction"],["creative","pref_text","introduction"],["creative","pref_text","introduction"],["no_content","no_content",""],["creative","main_text",""],["creative","main_text",""],["creative","main_text",""],["creative","main_text",""],["creative","main_text",""],["creative","main_text",""]]
ien.35557000178390	[["no_content","no_content","binding"],["no_content","no_content","bookplate"],["no_content","no_content",""],["no_content","no_content",""],["mixed","cover","cover photos"],["no_content","no_content",""],["factual","title",""],["no_content","no_content",""],["factual","title",""],["factual","pub_info",""],["factual","list",""],["factual","list",""],["factual","list",""],["factual","list",""],["factual","list",""],["factual","list",""],["creative","pref_text","foreword"],["creative","pref_text","preface"],["creative","pref_text","contributor bios"],["creative","pref_text","contributor bios"]]
ien.35558000991931	[["no_content","no_content","page not available"],["no_content","no_content","bookplate"],["no_content","no_content",""],["no_content","no_content",""],["no_content","no_content",""],["no_content","no_content",""],["mixed","cover","cover illustration"],["creative","image",""],["creative","ad",""],["no_content","no_content","bookplate"],["no_content","no_content",""],["no_content","no_content","bookplate"],["no_content","no_content",""],["no_content","no_content",""],["no_content","no_content",""],["no_content","no_content",""],["mixed","cover","cover illustration"],["creative","image",""],["creative","ad",""],["factual","list",""]]
ien.35558004197782	[["no_content","no_content","binding"],["no_content","no_content","bookplate"],["no_content","no_content",""],["no_content","no_content",""],["mixed","cover","cover art"],["creative","ad",""],["factual","pub_info",""],["creative","ad",""],["factual","list",""],["creative","ad",""],["factual","list",""],["creative","ad",""],["factual","list",""],["factual","ad",""],["creative","main_text",""],["creative","main_text",""],["creative","main_text",""],["creative","main_text",""],["creative","main_text",""],["creative","main_text",""]]
inu.30000028638421	[["no_content","no_content","binding"],["no_content","no_content",""],["no_content","no_content",""],["no_content","no_content",""],["mixed","cover","cover art"],["no_content","no_content",""],["no_content","no_content",""],["no_content","no_content",""],["factual","title",""],["no_content","no_content","cutter"],["factual","title",""],["factual","pub_info",""],["factual","list",""],["no_content","no_content",""],["creative","epigraph",""],["no_content","no_content",""],["creative","main_text",""],["creative","main_text",""],["creative","main_text",""],["creative","main_text",""]]
inu.30000042834030	[["factual","cover",""],["no_content","no_content",""],["no_content","no_content",""],["no_content","no_content",""],["factual","title",""],["factual","pub_info",""],["factual","list",""],["no_content","no_content",""],["creative","pref_text","introduction"],["creative","pref_text","introduction"],["creative","main_text",""],["creative","main_text",""],["creative","main_text",""],["creative","main_text",""],["creative","main_text",""],["creative","main_text",""],["creative","main_text",""],["creative","main_text",""],["creative","main_text",""],["creative","main_text",""]]
inu.30000054494830	[["mixed","cover","cover photos"],["no_content","no_content",""],["factual","pub_info",""],["no_content","no_content",""],["factual","title",""],["factual","pub_info",""],["creative","pref_text","presentation"],["creative","pref_text","presentation"],["creative","pref_text","presentation"],["no_content","no_content",""],["creative","pref_text","preface"],["creative","pref_text","preface"],["creative","main_text",""],["creative","main_text",""],["creative","main_text",""],["creative","main_text",""],["creative","main_text",""],["creative","main_text",""],["creative","main_text",""],["creative","main_text",""]]
inu.30000068587389	[["no_content","no_content","binding"],["no_content","no_content",""],["no_content","no_content",""],["no_content","no_content",""],["no_content","no_content",""],["no_content","no_content",""],["factual","title",""],["factual","title",""],["factual","title",""],["factual","pub_info",""],["factual","list",""],["factual","list",""],["creative","pref_text","foreword"],["creative","pref_text","foreword"],["creative","main_text",""],["creative","main_text",""],["creative","main_text",""],["creative","main_text",""],["creative","image","image accompanies text, public domain"],["creative","main_text",""]]
inu.30000083684328	[["mixed","cover","cover art"],["no_content","no_content",""],["no_content","no_content",""],["no_content","no_content",""],["factual","pub_info",""],["factual","pub_info",""],["factual","title",""],["factual","pub_info",""],["factual","epigraph",""],["no_content","no_content",""],["factual","list",""],["factual","list",""],["creative","pref_text","introduction"],["creative","pref_text","introduction"],["creative","main_text",""],["creative","main_text",""],["creative","main_text",""],["creative","main_text",""],["creative","main_text",""],["creative","main_text",""]]
inu.30000120725837	[["factual","cover",""],["no_content","no_content","stamp"],["no_content","no_content","endpaper"],["no_content","no_content",""],["factual","cover","cover design"],["factual","pub_info",""],["creative","main_text",""],["creative","main_text",""],["creative","main_text",""],["creative","main_text",""],["creative","main_text",""],["creative","main_text",""],["creative","main_text",""],["creative","main_text",""],["creative","main_text",""],["creative","main_text",""],["creative","main_text",""],["creative","main_text",""],["factual","title",""],["no_content","no_content",""]]
inu.30000122785631	[["factual","cover",""],["no_content","no_content",""],["no_content","no_content",""],["no_content","no_content",""],["factual","pub_info",""],["no_content","no_content",""],["factual","list",""],["no_content","no_content",""],["creative","pref_text","preface"],["creative","pref_text","preface"],["creative","main_text",""],["creative","main_text",""],["creative","main_text",""],["creative","main_text",""],["creative","main_text",""],["creative","main_text",""],["creative","main_text",""],["creative","main_text",""],["creative","main_text",""],["creative","main_text",""]]
inu.32000000965220	[["no_content","no_content","binding"],["no_content","no_content",""],["no_content","no_content",""],["no_content","no_content",""],["factual","title",""],["factual","ad",""],["factual","title",""],["factual","pub_info",""],["creative","pref_text","preface"],["creative","pref_text","preface"],["creative","pref_text","preface"],["no_content","no_content",""],["factual","list",""],["factual","list",""],["factual","title",""],["no_content","no_content",""],["creative","main_text",""],["creative","main_text",""],["creative","main_text",""],["creative","main_text",""]]
inu.32000001680927	[["no_content","no_content","binding"],["no_content","no_content","endpaper"],["no_content","no_content","endpaper"],["no_content","no_content",""],["no_content","no_content",""],["no_content","no_content",""],["factual","title",""],["no_content","no_content",""],["factual","title",""],["factual","pub_info",""],["factual","dedication",""],["no_content","no_content",""],["factual","list",""],["factual","list",""],["creative","pref_text","acknowledgments"],["creative","pref_text","acknowlegments"],["creative","pref_text",""],["factual","appendix",""],["factual","appendix",""],["factual","appendix",""]]
inu.32000013014628	[["no_content","no_content","binding"],["no_content","no_content","endpaper"],["no_content","no_content","endpaper"],["no_content","no_content",""],["no_content","no_content",""],["no_content","no_content",""],["mixed","cover","cover art"],["creative","ad",""],["creative","pref_text",""],["creative","image","cartoon accompanies text"],["creative","image","cartoon accompanies text"],["creative","main_text",""],["creative","image","cartoon accompanies text"],["creative","main_text",""],["creative","main_text",""],["creative","main_text",""],["creative","image","map accompanies text"],["creative","ad",""],["creative","main_text",""],["creative","ad",""]]
inu.39000001130074	[["mixed","cover","cover art"],["no_content","no_content",""],["no_content","no_content",""],["no_content","no_content",""],["mixed","title","Title page has quote"],["factual","pub_info",""],["creative","pref_text","author's note"],["creative","pref_text","author's note"],["creative","main_text",""],["creative","main_text",""],["creative","main_text",""],["creative","main_text",""],["creative","main_text",""],["creative","image","image accompanies text"],["creative","main_text",""],["creative","main_text",""],["creative","image","image accompanies text"],["creative","main_text",""],["creative","main_text",""],["creative","main_text",""]]
mdp.35112101128942	[["no_content","no_content","binding"],["no_content","no_content","bookplate"],["no_content","no_content","cutter"],["no_content","no_content",""],["no_content","no_content",""],["no_content","no_content",""],["factual","appendix",""],["factual","appendix",""],["factual","appendix",""],["factual","appendix",""],["factual","appendix",""],["factual","appendix",""],["mixed","main_text","title, main text"],["creative","image","photos accompany text"],["creative","image","photos accompany text"],["creative","image","photos accompany text"],["creative","image","photos accompany text"],["creative","image","photos accompany text"],["creative","main_text",""],["creative","main_text",""]]
mdp.35128001131604	[["no_content","no_content","cutter"],["no_content","no_content","stamp"],["no_content","no_content","stamp"],["no_content","no_content","date"],["creative","ad",""],["factual","list",""],["creative","ad",""],["factual","list",""],["creative","ad",""],["creative","pref_text","foreword"],["creative","ad",""],["creative","main_text","data is presented in creative images"],["mixed","main_text","text with stats and list of content"],["factual","main_text","stats, list of contents"],["creative","ad",""],["mixed","main_text","stats charts accompany text"],["mixed","main_text","stats charts accompany text"],["creative","ad",""],["creative","ad",""],["creative","main_text",""]]
mdp.39015000711476	[["no_content","no_content","binding"],["no_content","no_content","endpaper"],["no_content","no_content","endpaper"],["no_content","no_content",""],["no_content","no_content",""],["no_content","no_content",""],["factual","title",""],["factual","list",""],["factual","list",""],["no_content","no_content",""],["mixed","cover","cover art"],["factual","pub_info",""],["factual","title",""],["factual","pub_info",""],["creative","main_text",""],["creative","main_text",""],["creative","main_text",""],["creative","main_text",""],["creative","main_text",""],["no_content","no_content",""]]
mdp.39015001103178	[["no_content","no_content","cutter"],["no_content","no_content","stamp"],["no_content","no_content",""],["no_content","no_content",""],["creative","image",""],["factual","pub_info",""],["factual","title",""],["factual","pub_info",""],["factual","list",""],["factual","list",""],["creative","pref_text","foreword"],["creative","pref_text","foreword"],["creative","pref_text","foreword"],["no_content","no_content",""],["creative","main_text",""],["creative","main_text",""],["creative","main_text",""],["creative","main_text",""],["creative","main_text",""],["creative","main_text",""]]
mdp.39015001771354	[["factual","cover",""],["no_content","no_content","stamp"],["factual","title",""],["factual","pub_info",""],["creative","image",""],["creative","image",""],["creative","dedication",""],["no_content","no_content",""],["creative","pref_text","foreword"],["creative","pref_text",""],["creative","pref_text",""],["factual","list",""],["creative","main_text",""],["creative","main_text",""],["creative","main_text",""],["creative","main_text",""],["creative","main_text",""],["creative","main_text",""],["creative","main_text",""],["creative","main_text",""]]
mdp.39015002022245	[["factual","cover",""],["no_content","no_content","stamp"],["no_content","no_content",""],["no_content","no_content",""],["factual","title",""],["factual","pub_info",""],["factual","pref_text","foreword"],["factual","ad",""],["creative","pref_text",""],["factual","pub_info",""],["factual","list",""],["factual","list",""],["factual","list",""],["factual","list",""],["creative","pref_text","introduction"],["creative","pref_text","introduction"],["factual","title",""],["no_content","no_content",""],["creative","main_text",""],["creative","main_text",""]]
mdp.39015002023409	[["no_content","no_content","binding"],["no_content","no_content","stamp"],["no_content","no_content",""],["no_content","no_content",""],["no_content","no_content",""],["no_content","no_content",""],["factual","pub_info",""],["factual","ad",""],["factual","title",""],["factual","pub_info",""],["factual","appendix",""],["no_content","no_content",""],["factual","list",""],["factual","list",""],["factual","list",""],["factual","list",""],["factual","list",""],["factual","list",""],["creative","main_text",""],["creative","main_text",""]]
mdp.39015002935982	[["no_content","no_content","cutter"],["no_content","no_content",""],["no_content","no_content",""],["no_content","no_content",""],["no_content","no_content",""],["no_content","no_content",""],["factual","title",""],["factual","pub_info",""],["factual","list",""],["factual","list",""],["creative","pref_text","preface"],["creative","pref_text","preface"],["creative","main_text",""],["creative","main_text",""],["creative","main_text",""],["creative","main_text",""],["creative","main_text",""],["creative","main_text",""],["creative","main_text",""],["creative","main_text",""]]
mdp.39015005268662	[["no_content","no_content","cutter"],["no_content","no_content","stamp"],["no_content","no_content",""],["no_content","no_content",""],["factual","title",""],["no_content","no_content",""],["factual","title",""],["factual","pub_info",""],["factual","list",""],["factual","list",""],["creative","pref_text","introduction"],["creative","pref_text","introduction"],["creative","main_text",""],["creative","main_text",""],["creative","main_text",""],["creative","main_text",""],["creative","main_text",""],["creative","main_text",""],["creative","main_text",""],["creative","main_text",""]]
mdp.39015006568979	[["no_content","no_content","page not available"],["no_content","no_content","stamp"],["no_content","no_content",""],["no_content","no_content",""],["factual","title",""],["no_content","no_content",""],["factual","title",""],["no_content","no_content",""],["factual","title",""],["factual","pub_info",""],["factual","list",""],["factual","list",""],["factual","list",""],["factual","list",""],["factual","list",""],["factual","list",""],["factual","list",""],["factual","list",""],["factual","appendix",""],["factual","appendix",""]]
mdp.39015007234274	[["no_content","no_content","binding"],["no_content","no_content","endpaper"],["no_content","no_content","endpaper"],["no_content","no_content",""],["no_content","no_content",""],["no_content","no_content",""],["factual","title",""],["creative","pref_text",""],["creative","pref_text",""],["creative","pref_text",""],["creative","pref_text",""],["creative","pref_text",""],["creative","pref_text",""],["creative","pref_text",""],["creative","pref_text",""],["creative","pref_text",""],["creative","pref_text",""],["factual","title",""],["creative","main_text","descriptions of artwork"],["creative","main_text","descriptions of artwork"]]
mdp.39015009626980	[["factual","cover",""],["no_content","no_content","stamp"],["no_content","no_content",""],["no_content","no_content",""],["no_content","no_content",""],["creative","image","public domain"],["factual","title",""],["no_content","no_content",""],["factual","title",""],["factual","pub_info",""],["factual","list","musical snippets"],["creative","pref_text","foreword"],["creative","pref_text","foreword"],["creative","pref_text",""],["creative","main_text","musical score"],["creative","main_text","musical score"],["creative","main_text","musical score"],["creative","main_text","musical score"],["creative","main_text","musical score"],["creative","main_text","musical score"]]
mdp.39015013129203	[["no_content","no_content","binding"],["no_content","no_content","stamp"],["no_content","no_content",""],["no_content","no_content",""],["factual","title",""],["no_content","no_content",""],["factual","title",""],["factual","pub_info",""],["factual","list",""],["factual","pref_text","acknowledgments"],["creative","pref_text","introduction"],["creative","pref_text","introduction"],["creative","pref_text","introduction"],["creative","pref_text","introduction"],["creative","pref_text","introduction"],["creative","pref_text","introduction"],["creative","pref_text","introduction"],["creative","pref_text","introduction"],["creative","pref_text","introduction"],["creative","pref_text","introduction"]]
mdp.39015015416517	[["no_content","no_content","binding"],["no_content","no_content","stamp"],["no_content","no_content",""],["no_content","no_content",""],["creative","image",""],["no_content","no_content",""],["factual","title",""],["factual","pub_info",""],["factual","appendix",""],["no_content","no_content",""],["creative","pref_text",""],["creative","pref_text",""],["creative","pref_text",""],["no_content","no_content",""],["creative","main_text",""],["creative","main_text",""],["creative","main_text",""],["creative","main_text",""],["factual","main_text","data charts"],["no_content","no_content",""]]
mdp.39015017447445	[["no_content","no_content","binding"],["no_content","no_content","endpaper"],["no_content","no_content","endpaper"],["no_content","no_content",""],["no_content","no_content",""],["no_content","no_content",""],["mixed","cover","cover art"],["no_content","no_content",""],["factual","pub_info",""],["factual","list",""],["creative","main_text",""],["factual","image","archaeology photo"],["factual","image","archaeology photo"],["creative","main_text",""],["factual","image","archaeology photo"],["factual","image","archaeology photo"],["factual","image","archaeology photo"],["factual","image","archaeology photo"],["factual","image","archaeology photo"],["creative","main_text",""]]
mdp.39015018828593	[["mixed","cover","cover design"],["creative","pref_text",""],["no_content","no_content",""],["no_content","no_content",""],["factual","title",""],["factual","pub_info",""],["factual","title",""],["factual","pub_info",""],["factual","list",""],["factual","list",""],["creative","pref_text","preface"],["no_content","no_content",""],["creative","main_text",""],["creative","main_text",""],["creative","main_text",""],["creative","main_text",""],["creative","main_text",""],["creative","main_text",""],["creative","main_text",""],["creative","main_text",""]]
mdp.39015019644502	[["mixed","cover","cover illustration"],["no_content","no_content","stamp"],["no_content","no_content",""],["no_content","no_content",""],["factual","title",""],["factual","pub_info",""],["creative","main_text",""],["creative","main_text",""],["creative","main_text",""],["creative","main_text",""],["creative","main_text",""],["creative","main_text",""],["creative","main_text",""],["creative","main_text",""],["creative","main_text",""],["creative","main_text",""],["creative","main_text",""],["creative","main_text",""],["creative","main_text",""],["creative","main_text",""]]
mdp.39015020708601	[["no_content","no_content","binding"],["no_content","no_content","stamp"],["no_content","no_content",""],["no_content","no_content",""],["factual","title",""],["mixed","pub_info","acknowledgment too"],["factual","list",""],["creative","pref_text","foreword, introduction"],["creative","main_text",""],["creative","main_text",""],["creative","main_text",""],["creative","main_text",""],["creative","main_text",""],["creative","main_text",""],["creative","main_text",""],["creative","main_text",""],["creative","main_text",""],["creative","main_text","glossary"],["creative","main_text","glossary"],["creative","main_text","glossary"]]
mdp.39015021830776	[["mixed","cover","cover design"],["factual","pub_info",""],["no_content","no_content",""],["no_content","no_content",""],["factual","title",""],["factual","ad",""],["factual","title",""],["factual","pub_info",""],["factual","dedication",""],["no_content","no_content",""],["creative","pref_text","foreword"],["creative","pref_text","foreword"],["creative","pref_text","foreword"],["no_content","no_content",""],["creative","pref_text","introduction"],["no_content","no_content",""],["creative","pref_text","introduction"],["creative","pref_text","introduction"],["factual","list",""],["no_content","no_content",""]]
mdp.39015022458486	[["no_content","no_content","cutter"],["no_content","no_content","stamp"],["no_content","no_content",""],["no_content","no_content",""],["factual","title",""],["factual","pub_info",""],["creative","image",""],["creative","image",""],["creative","image",""],["creative","image",""],["creative","pref_text",""],["creative","pref_text",""],["creative","pref_text",""],["creative","image",""],["creative","main_text",""],["creative","image","public domain"],["creative","main_text",""],["creative","main_text",""],["creative","main_text",""],["creative","main_text",""]]
mdp.39015025878987	[["no_content","no_content","binding"],["no_content","no_content","stamp"],["factual","list","distortion"],["factual","list",""],["factual","list",""],["no_content","no_content",""],["factual","appendix",""],["no_content","no_content",""],["factual","title",""],["factual","pub_info",""],["factual","list",""],["no_content","no_content",""],["creative","main_text",""],["creative","main_text",""],["creative","main_text",""],["creative","main_text",""],["mixed","main_text","mostly data charts"],["creative","main_text",""],["creative","main_text",""],["creative","main_text",""]]
mdp.39015027315160	[["no_content","no_content","cutter"],["no_content","no_content","stamp"],["factual","title",""],["no_content","no_content",""],["factual","title",""],["creative","pref_text","about the book"],["creative","pref_text","introduction"],["creative","pref_text","introduction"],["creative","main_text",""],["creative","main_text",""],["creative","main_text",""],["creative","main_text",""],["creative","main_text",""],["creative","main_text",""],["creative","main_text",""],["creative","main_text",""],["creative","main_text",""],["creative","main_text",""],["creative","main_text",""],["creative","main_text",""]]
mdp.39015027437469	[["factual","title",""],["no_content","no_content","cutter"],["creative","pref_text","introduction"],["no_content","no_content",""],["creative","main_text",""],["no_content","no_content",""],["creative","main_text",""],["no_content","no_content",""],["creative","main_text",""],["no_content","no_content",""],["creative","main_text",""],["no_content","no_content",""],["creative","main_text",""],["no_content","no_content",""],["creative","main_text",""],["no_content","no_content",""],["creative","main_text",""],["no_content","no_content",""],["creative","main_text",""],["no_content","no_content",""]]
mdp.39015028458985	[["factual","cover",""],["no_content","no_content","stamp"],["no_content","no_content",""],["no_content","no_content",""],["factual","title",""],["factual","title",""],["factual","title",""],["factual","pub_info",""],["factual","list",""],["factual","list",""],["factual","list",""],["factual","list",""],["factual","list",""],["factual","list",""],["factual","list",""],["factual","list",""],["factual","list",""],["no_content","no_content",""],["creative","main_text",""],["no_content","no_content",""]]
mdp.39015032015227	[["no_content","no_content","binding"],["no_content","no_content","endpaper"],["no_content","no_content","endpaper"],["no_content","no_content",""],["no_content","no_content",""],["no_content","no_content",""],["factual","title",""],["no_content","no_content",""],["factual","list",""],["factual","list",""],["factual","title",""],["no_content","no_content",""],["factual","list",""],["factual","list",""],["factual","title",""],["factual","list",""],["creative","main_text",""],["creative","main_text",""],["creative","main_text",""],["creative","main_text",""]]
mdp.39015032110713	[["no_content","no_content","binding"],["no_content","no_content",""],["no_content","no_content",""],["no_content","no_content",""],["no_content","no_content",""],["creative","image",""],["factual","title",""],["factual","pub_info",""],["factual","dedication",""],["no_content","no_content",""],["creative","main_text",""],["creative","main_text",""],["creative","main_text",""],["creative","main_text",""],["creative","main_text",""],["creative","main_text",""],["creative","main_text",""],["creative","main_text",""],["creative","main_text",""],["creative","main_text",""]]
mdp.39015034348683	[["factual","cover",""],["no_content","no_content","stamp"],["no_content","no_content",""],["no_content","no_content",""],["factual","title",""],["no_content","no_content",""],["creative","image",""],["no_content","no_content",""],["creative","pref_text","introduction"],["creative","pref_text","introduction"],["creative","pref_text","introduction"],["factual","appendix",""],["factual","title",""],["no_content","no_content",""],["creative","main_text",""],["creative","main_text",""],["creative","main_text",""],["creative","main_text",""],["creative","main_text",""],["creative","main_text",""]]
mdp.39015040579073	[["mixed","cover","cover art"],["creative","pref_text","book jacket review"],["no_content","no_content",""],["no_content","no_content",""],["factual","title",""],["no_content","no_content",""],["factual","title",""],["no_content","no_content",""],["creative","poem",""],["no_content","no_content",""],["creative","image",""],["no_content","no_content",""],["creative","poem",""],["creative","poem",""],["creative","poem",""],["creative","poem",""],["creative","poem",""],["creative","poem",""],["creative","poem",""],["creative","poem",""]]
mdp.39015042708993	[["factual","cover",""],["no_content","no_content","stamp"],["no_content","no_content","date"],["no_content","no_content",""],["no_content","no_content",""],["no_content","no_content",""],["factual","title",""],["factual","pub_info",""],["factual","pub_info",""],["factual","list",""],["creative","pref_text",""],["creative","pref_text",""],["factual","title",""],["no_content","no_content",""],["creative","main_text",""],["creative","main_text",""],["creative","main_text",""],["creative","main_text",""],["creative","main_text",""],["creative","main_text",""]]
mdp.39015046813039	[["no_content","no_content","binding"],["no_content","no_content","stamp"],["no_content","no_content",""],["no_content","no_content",""],["no_content","no_content",""],["creative","image",""],["factual","title",""],["factual","pub_info",""],["factual","dedication",""],["creative","pref_text",""],["factual","list",""],["no_content","no_content",""],["factual","list",""],["factual","list",""],["factual","title",""],["no_content","no_content",""],["creative","main_text",""],["creative","main_text",""],["creative","main_text",""],["creative","main_text",""]]
mdp.39015047662765	[["factual","cover",""],["no_content","no_content",""],["no_content","no_content",""],["no_content","no_content",""],["factual","title",""],["factual","pub_info",""],["creative","pref_text","foreword"],["no_content","no_content",""],["factual","list",""],["factual","list",""],["factual","list",""],["factual","list",""],["factual","list",""],["factual","list",""],["factual","list",""],["factual","list",""],["factual","list",""],["factual","list",""],["factual","list",""],["factual","list",""]]
mdp.39015051332560	[["no_content","no_content","binding"],["no_content","no_content","stamp"],["no_content","no_content",""],["no_content","no_content",""],["factual","title",""],["factual","ad",""],["factual","title",""],["factual","pub_info",""],["factual","dedication",""],["no_content","no_content",""],["creative","main_text",""],["creative","main_text",""],["creative","main_text",""],["creative","main_text",""],["creative","main_text",""],["creative","main_text",""],["creative","main_text",""],["creative","main_text",""],["creative","main_text",""],["creative","main_text",""]]
mdp.39015051815762	[["mixed","cover","cover design"],["no_content","no_content","stamp"],["no_content","no_content","fingers"],["no_content","no_content","stamp"],["no_content","no_content",""],["no_content","no_content",""],["factual","title",""],["factual","pub_info",""],["factual","title",""],["no_content","no_content","cutter"],["factual","dedication",""],["no_content","no_content",""],["factual","title",""],["no_content","no_content",""],["creative","pref_text","preface"],["creative","pref_text","preface"],["creative","pref_text","preface"],["creative","pref_text","preface"],["creative","pref_text","notes"],["creative","pref_text","notes"]]
mdp.39015053602697	[["no_content","no_content","binding"],["no_content","no_content","stamp"],["no_content","no_content",""],["no_content","no_content",""],["no_content","no_content","page not available"],["no_content","no_content",""],["no_content","no_content","page not available"],["no_content","no_content","stamp"],["no_content","no_content",""],["no_content","no_content",""],["no_content","no_content",""],["no_content","no_content",""],["no_content","no_content",""],["factual","ad",""],["factual","title",""],["no_content","no_content",""],["factual","title",""],["factual","pub_info",""],["creative","main_text",""],["creative","main_text",""]]
mdp.39015057524889	[["factual","cover",""],["no_content","no_content","stamp"],["factual","title",""],["creative","pref_text","preface"],["creative","main_text","musical score"],["creative","main_text","musical score"],["creative","main_text","musical score"],["creative","main_text","musical score"],["creative","main_text","musical score"],["creative","main_text","musical score"],["creative","main_text","musical score"],["creative","main_text","musical score"],["creative","main_text","musical score"],["creative","main_text","musical score"],["creative","main_text","musical score"],["creative","main_text","musical score"],["creative","main_text","musical score"],["creative","main_text","musical score"],["creative","main_text","musical score"],["creative","main_text","musical score"]]
mdp.39015058433361	[["mixed","cover","cover art"],["no_content","no_content","bookplate"],["no_content","no_content",""],["no_content","no_content","bookplate"],["no_content","no_content",""],["no_content","no_content",""],["factual","title",""],["factual","pub_info",""],["creative","main_text",""],["creative","main_text",""],["creative","main_text",""],["no_content","no_content",""],["creative","main_text",""],["creative","main_text",""],["creative","main_text",""],["creative","main_text",""],["creative","main_text",""],["creative","main_text",""],["creative","main_text",""],["creative","main_text",""]]
mdp.39015062370617	[["factual","cover",""],["no_content","no_content","bookplate"],["factual","title",""],["no_content","no_content","cutter"],["creative","main_text",""],["creative","main_text",""],["creative","main_text",""],["creative","main_text",""],["creative","main_text",""],["creative","main_text",""],["creative","main_text",""],["creative","main_text",""],["creative","main_text",""],["creative","main_text",""],["no_content","no_content",""],["no_content","no_content",""],["no_content","no_content",""],["no_content","no_content",""],["no_content","no_content",""],["no_content","no_content",""]]
mdp.39015063747458	[["no_content","no_content","barcode"],["no_content","no_content","stamp"],["mixed","cover","cover art"],["creative","image",""],["factual","title",""],["factual","pub_info",""],["creative","pref_text","preface"],["creative","pref_text",""],["creative","main_text",""],["creative","image",""],["creative","main_text",""],["creative","main_text",""],["creative","image","image accompanies desk"],["creative","main_text",""],["creative","main_text",""],["creative","main_text",""],["creative","image","scraps of papyri"],["creative","image","scraps of papyri"],["creative","image","scraps of papyri"],["creative","image","scraps of papyri"]]
mdp.39015064816591	[["factual","cover",""],["no_content","no_content","stamp"],["no_content","no_content",""],["no_content","no_content",""],["factual","title",""],["no_content","no_content",""],["factual","title",""],["factual","pub_info",""],["factual","list",""],["factual","list",""],["factual","pub_info",""],["no_content","no_content",""],["creative","main_text",""],["creative","image","image accompanies text. public domain"],["creative","image",""],["creative","main_text",""],["creative","main_text",""],["creative","main_text",""],["creative","image","image accompanies text. public domain"],["creative","main_text",""]]
mdp.39015065630702	[["factual","cover",""],["no_content","no_content","stamp"],["no_content","no_content",""],["no_content","no_content",""],["factual","pub_info",""],["factual","pub_info",""],["factual","title",""],["factual","pub_info",""],["factual","dedication",""],["no_content","no_content",""],["creative","pref_text",""],["creative","pref_text",""],["creative","pref_text",""],["creative","pref_text",""],["creative","pref_text",""],["creative","pref_text",""],["creative","pref_text",""],["creative","pref_text",""],["creative","pref_text",""],["no_content","no_content",""]]
mdp.39015066340376	[["no_content","no_content",""],["no_content","no_content","stamp"],["no_content","no_content",""],["no_content","no_content",""],["creative","main_text",""],["mixed","main_text","pub info mixed with main text"],["creative","image","image accompanies text"],["creative","main_text",""],["creative","main_text",""],["creative","main_text",""],["creative","image","image accompanies tex"],["creative","image","cartoon accompanies tex"],["creative","image","image accompanies tex"],["creative","image","image accompanies tex"],["creative","main_text",""],["creative","image","image accompanies tex"],["creative","image","image accompanies tex"],["creative","image","image accompanies tex"],["creative","image","image accompanies tex"],["creative","main_text",""]]
mdp.39015067459035	[["no_content","no_content","binding"],["no_content","no_content","stamp"],["no_content","no_content",""],["no_content","no_content",""],["mixed","cover","cover photo"],["factual","list","also pub info"],["creative","main_text",""],["creative","main_text",""],["creative","main_text",""],["creative","main_text",""],["creative","main_text",""],["creative","main_text",""],["creative","main_text",""],["creative","poem",""],["creative","poem",""],["creative","poem",""],["creative","poem",""],["creative","poem",""],["creative","poem",""],["factual","appendix",""]]
mdp.39015074981138	[["no_content","no_content","binding"],["no_content","no_content","stamp"],["no_content","no_content",""],["no_content","no_content",""],["no_content","no_content",""],["no_content","no_content",""],["factual","cover",""],["creative","pref_text","disclaimer"],["factual","title",""],["factual","ad",""],["factual","appendix",""],["factual","ad",""],["creative","main_text",""],["creative","main_text",""],["creative","main_text",""],["creative","main_text",""],["creative","main_text",""],["creative","main_text",""],["creative","main_text",""],["creative","main_text",""]]
mdp.39015076295784	[["mixed","cover","cover art"],["factual","pub_info",""],["factual","pub_info",""],["factual","ad",""],["factual","list",""],["creative","image","photo accompanies text"],["creative","image","photo accompanies text"],["creative","image","photo accompanies text"],["factual","ad",""],["creative","poem",""],["creative","poem",""],["creative","image","photo accompanies text"],["creative","image","photo accompanies text"],["creative","main_text",""],["creative","poem","text contains poem"],["factual","ad",""],["factual","appendix",""],["factual","appendix",""],["creative","main_text",""],["factual","appendix",""]]
mdp.39015079749399	[["no_content","no_content","binding"],["no_content","no_content",""],["no_content","no_content","cutter"],["no_content","no_content",""],["no_content","no_content",""],["factual","title",""],["factual","title",""],["no_content","no_content",""],["creative","pref_text","foreword"],["no_content","no_content",""],["factual","list",""],["factual","list",""],["factual","list",""],["factual","list",""],["factual","list",""],["no_content","no_content",""],["factual","appendix",""],["factual","appendix",""],["factual","title",""],["no_content","no_content",""]]
mdp.39015080206710	[["factual","cover",""],["no_content","no_content",""],["factual","main_text","data"],["no_content","no_content",""],["factual","main_text","data"],["no_content","no_content",""],["factual","main_text","data"],["no_content","no_content",""],["factual","main_text","data"],["no_content","no_content",""],["factual","main_text","data"],["no_content","no_content",""],["factual","main_text","data"],["no_content","no_content",""],["factual","main_text","data"],["no_content","no_content",""],["factual","main_text","data"],["no_content","no_content",""],["factual","main_text","data"],["no_content","no_content",""]]
mdp.49015002379460	[["mixed","cover","cover illustration"],["no_content","no_content","barcode"],["no_content","no_content",""],["no_content","no_content",""],["factual","title",""],["factual","ad",""],["factual","ad",""],["factual","ad",""],["factual","ad",""],["creative","image",""],["factual","title",""],["factual","pub_info",""],["factual","list",""],["creative","pref_text","editor's note"],["creative","pref_text","foreword"],["creative","pref_text","foreword"],["creative","pref_text","foreword"],["creative","pref_text","foreword"],["creative","pref_text","foreword"],["creative","pref_text","foreword"]]
nyp.33433018531958	[["factual","cover",""],["no_content","no_content",""],["factual","title",""],["factual","list",""],["factual","list",""],["factual","list",""],["creative","main_text",""],["creative","main_text",""],["creative","main_text",""],["creative","main_text",""],["creative","main_text",""],["creative","main_text",""],["creative","main_text",""],["creative","main_text",""],["creative","main_text",""],["creative","main_text",""],["creative","main_text",""],["creative","main_text",""],["creative","main_text",""],["creative","main_text",""]]
osu.32435075359000	[["no_content","no_content","cutter"],["no_content","no_content","stamp"],["no_content","no_content",""],["no_content","no_content",""],["creative","main_text",""],["creative","main_text",""],["creative","main_text",""],["creative","main_text",""],["creative","main_text",""],["creative","main_text",""],["creative","image","photo accompanies text"],["creative","main_text",""],["creative","image","photo accompanies text"],["factual","main_text",""],["creative","image","photo accompanies text"],["creative","image","photo accompanies text"],["creative","image","photo accompanies text"],["creative","main_text",""],["creative","main_text",""],["factual","pub_info",""]]
osu.32437010981591	[["no_content","no_content","binding"],["no_content","no_content",""],["no_content","no_content",""],["no_content","no_content",""],["factual","title",""],["factual","pub_info",""],["factual","appendix",""],["factual","appendix",""],["factual","appendix",""],["no_content","no_content",""],["factual","appendix",""],["factual","appendix",""],["factual","appendix",""],["factual","appendix",""],["factual","appendix",""],["factual","appendix",""],["factual","appendix",""],["factual","appendix",""],["factual","appendix",""],["factual","appendix",""]]
pst.000014221668	[["factual","cover",""],["no_content","no_content","stamp"],["factual","title",""],["factual","pub_info",""],["factual","list",""],["creative","pref_text","foreword"],["factual","pref_text","blank form"],["creative","pref_text",""],["factual","appendix",""],["factual","appendix",""],["factual","appendix",""],["factual","appendix",""],["factual","appendix",""],["factual","appendix",""],["creative","main_text",""],["creative","main_text",""],["creative","main_text",""],["creative","main_text",""],["creative","main_text",""],["creative","main_text",""]]
pst.000018649000	[["no_content","no_content","binding"],["no_content","no_content","bookplate"],["no_content","no_content",""],["no_content","no_content",""],["factual","title",""],["no_content","no_content",""],["factual","title",""],["no_content","no_content",""],["factual","title",""],["factual","pub_info",""],["factual","list",""],["factual","list",""],["factual","list",""],["factual","appendix",""],["factual","appendix",""],["factual","appendix",""],["factual","appendix",""],["factual","appendix",""],["factual","appendix",""],["factual","appendix",""]]
pst.000056526110	[["no_content","no_content","binding"],["no_content","no_content",""],["no_content","no_content",""],["no_content","no_content",""],["no_content","no_content",""],["no_content","no_content",""],["factual","title",""],["no_content","no_content",""],["factual","appendix",""],["no_content","no_content",""],["creative","pref_text","compilers note"],["no_content","no_content",""],["factual","main_text","bibliography"],["factual","main_text","bibliography"],["factual","main_text","bibliography"],["factual","main_text","bibliography"],["factual","main_text","bibliography"],["factual","main_text","bibliography"],["factual","main_text","bibliography"],["factual","main_text","bibliography"]]
pst.000059278467	[["mixed","cover","cover design"],["no_content","no_content","bookplate"],["no_content","no_content",""],["no_content","no_content",""],["factual","title",""],["factual","pub_info",""],["creative","pref_text","foreword"],["creative","pref_text","foreword"],["creative","pref_text","preface"],["creative","pref_text","preface"],["factual","appendix",""],["factual","list",""],["factual","title",""],["creative","main_text",""],["creative","image","photos accompany text"],["creative","main_text",""],["creative","main_text",""],["creative","main_text",""],["creative","image","photos accompany text"],["creative","main_text",""]]
txu.059173005573213	[["no_content","no_content","binding"],["no_content","no_content","barcode, stamp"],["no_content","no_content",""],["no_content","no_content",""],["factual","title",""],["creative","image","title page art"],["factual","title",""],["factual","pub_info",""],["factual","list",""],["no_content","no_content",""],["creative","pref_text","foreword"],["creative","pref_text","foreword"],["creative","pref_text","foreword"],["creative","image","map "],["creative","main_text",""],["creative","main_text",""],["creative","main_text",""],["creative","main_text",""],["creative","main_text",""],["creative","main_text",""]]
txu.059173009937468	[["no_content","no_content","library binding"],["no_content","no_content","barcode, stamp"],["mixed","cover","cover photos"],["factual","pub_info",""],["factual","title",""],["factual","pub_info",""],["factual","list",""],["creative","pref_text","foreword"],["creative","pref_text","executive summary"],["creative","main_text",""],["creative","main_text",""],["creative","main_text",""],["creative","main_text",""],["creative","main_text",""],["creative","main_text",""],["creative","main_text",""],["creative","main_text",""],["creative","main_text",""],["creative","main_text",""],["creative","main_text",""]]
txu.059173018315425	[["no_content","no_content","binding"],["no_content","no_content","stamp"],["no_content","no_content",""],["no_content","no_content",""],["mixed","cover","cover art"],["no_content","no_content",""],["no_content","no_content",""],["no_content","no_content",""],["factual","title",""],["no_content","no_content",""],["factual","title",""],["factual","pub_info",""],["creative","pref_text",""],["creative","pref_text",""],["creative","pref_text",""],["creative","pref_text",""],["creative","pref_text",""],["no_content","no_content",""],["creative","main_text",""],["creative","main_text",""]]
txu.059173024047513	[["no_content","no_content","page not available"],["no_content","no_content","stamp"],["no_content","no_content",""],["no_content","no_content",""],["factual","pref_text","catalog department binding instructions"],["no_content","no_content",""],["mixed","cover","cover design"],["factual","pref_text",""],["factual","title",""],["no_content","no_content",""],["factual","title",""],["no_content","no_content",""],["factual","pref_text","bindery slip covers the book text"],["no_content","no_content",""],["factual","list",""],["no_content","no_content",""],["factual","appendix",""],["factual","appendix",""],["creative","epigraph",""],["no_content","no_content",""]]
txu.059173024504091	[["no_content","no_content","cutter"],["no_content","no_content","stamp"],["no_content","no_content",""],["no_content","no_content",""],["factual","title",""],["factual","pub_info",""],["creative","pref_text","introduction"],["creative","pref_text","introduction"],["creative","main_text",""],["creative","main_text",""],["creative","main_text",""],["creative","main_text",""],["creative","main_text",""],["creative","main_text",""],["creative","main_text",""],["creative","main_text",""],["creative","main_text",""],["creative","main_text",""],["creative","main_text",""],["creative","main_text",""]]
txu.059173026797569	[["no_content","no_content","library binding"],["no_content","no_content","stamp"],["factual","title","also list of contents"],["no_content","no_content",""],["creative","main_text",""],["no_content","no_content",""],["creative","main_text",""],["no_content","no_content",""],["creative","main_text",""],["no_content","no_content",""],["creative","main_text",""],["no_content","no_content",""],["factual","appendix",""],["no_content","no_content",""],["factual","appendix",""],["no_content","no_content",""],["factual","appendix",""],["no_content","no_content",""],["factual","appendix",""],["no_content","no_content",""]]
txu.059173026876520	[["no_content","no_content","library binding"],["no_content","no_content","stamp"],["no_content","no_content",""],["no_content","no_content",""],["factual","title",""],["no_content","no_content",""],["factual","pub_info",""],["no_content","no_content",""],["creative","main_text",""],["creative","main_text",""],["factual","main_text","data chart"],["creative","main_text",""],["factual","main_text","data"],["creative","main_text",""],["creative","main_text",""],["factual","main_text","data"],["creative","main_text",""],["factual","main_text","data"],["creative","main_text",""],["factual","main_text","data"]]
uc1.$b141361	[["no_content","no_content","barcode"],["no_content","no_content",""],["no_content","no_content",""],["no_content","no_content",""],["factual","title",""],["no_content","no_content",""],["no_content","no_content",""],["factual","title",""],["factual","title",""],["no_content","no_content","stamp"],["factual","title",""],["no_content","no_content",""],["creative","main_text",""],["creative","main_text",""],["creative","main_text",""],["creative","main_text",""],["creative","main_text",""],["creative","main_text",""],["creative","main_text",""],["creative","main_text",""]]
uc1.$b633657	[["factual","cover",""],["no_content","no_content","stamp"],["no_content","no_content","stamp"],["no_content","no_content",""],["factual","pub_info",""],["no_content","no_content",""],["factual","title",""],["no_content","no_content",""],["factual","title",""],["factual","pub_info",""],["factual","dedication",""],["no_content","no_content",""],["creative","pref_text","preface"],["creative","pref_text","preface"],["factual","list",""],["no_content","no_content",""],["creative","main_text",""],["creative","main_text",""],["creative","main_text",""],["creative","main_text",""]]
uc1.$b686011	[["no_content","no_content","library binding"],["no_content","no_content","stamp"],["no_content","no_content",""],["no_content","no_content",""],["factual","title",""],["no_content","no_content",""],["factual","title",""],["factual","pub_info",""],["creative","main_text",""],["creative","main_text",""],["creative","main_text",""],["creative","main_text",""],["creative","main_text",""],["creative","main_text",""],["creative","main_text",""],["creative","main_text",""],["creative","main_text",""],["creative","main_text",""],["creative","main_text",""],["creative","main_text",""]]
uc1.$b690692	[["no_content","no_content","barcode"],["no_content","no_content","stamp"],["no_content","no_content",""],["no_content","no_content",""],["factual","title",""],["no_content","no_content",""],["factual","title",""],["factual","pub_info",""],["creative","pref_text","preface"],["creative","pref_text","preface"],["factual","list",""],["factual","appendix",""],["factual","list",""],["no_content","no_content",""],["factual","title",""],["no_content","no_content",""],["factual","main_text","bibliography"],["factual","main_text","bibliography"],["factual","main_text","bibliography"],["factual","main_text","bibliography"]]
uc1.31210001788700	[["no_content","no_content","barcode"],["factual","ad","bookplate"],["factual","ad",""],["no_content","no_content",""],["no_content","no_content",""],["no_content","no_content",""],["factual","title",""],["no_content","no_content",""],["factual","title",""],["factual","pub_info",""],["factual","list",""],["no_content","no_content",""],["factual","title",""],["no_content","no_content",""],["creative","pref_text","biographical note"],["creative","pref_text","biographical note"],["factual","list",""],["no_content","no_content",""],["creative","main_text",""],["creative","main_text",""]]
uc1.31822006531974	[["factual","cover",""],["no_content","no_content",""],["factual","pub_info",""],["factual","title",""],["factual","title",""],["factual","pub_info",""],["creative","main_text",""],["creative","main_text",""],["creative","main_text",""],["creative","main_text",""],["creative","main_text",""],["creative","main_text",""],["creative","main_text",""],["creative","main_text",""],["creative","main_text",""],["creative","main_text",""],["creative","main_text",""],["creative","main_text",""],["creative","main_text",""],["creative","main_text",""]]
uc1.31822025334764	[["no_content","no_content","barcode"],["no_content","no_content","endpaper"],["no_content","no_content","endpaper"],["no_content","no_content",""],["factual","cover",""],["no_content","no_content","due date slip"],["factual","title",""],["factual","pub_info",""],["factual","list",""],["factual","list",""],["factual","list",""],["factual","appendix",""],["creative","pref_text","introduction"],["factual","pub_info",""],["factual","title",""],["creative","main_text",""],["creative","main_text",""],["creative","main_text",""],["creative","main_text",""],["creative","main_text",""]]
uc1.31822025458217	[["mixed","cover","cover design"],["factual","pub_info",""],["factual","list",""],["no_content","no_content",""],["creative","pref_text","editors note"],["creative","pref_text",""],["creative","pref_text",""],["creative","pref_text",""],["creative","pref_text",""],["creative","pref_text",""],["creative","main_text",""],["creative","main_text",""],["creative","main_text",""],["creative","main_text",""],["creative","main_text",""],["creative","main_text",""],["creative","main_text",""],["creative","main_text",""],["creative","main_text",""],["creative","main_text",""]]
uc1.31822028681765	[["factual","cover",""],["no_content","no_content",""],["no_content","no_content","barcode, stamp, cutter"],["no_content","no_content",""],["factual","title",""],["no_content","no_content",""],["factual","title",""],["factual","pub_info",""],["factual","list",""],["factual","list",""],["factual","appendix",""],["factual","appendix",""],["creative","pref_text",""],["no_content","no_content",""],["creative","main_text",""],["creative","main_text",""],["factual","main_text",""],["creative","main_text",""],["factual","main_text",""],["factual","main_text",""]]
uc1.31822031037138	[["no_content","no_content","binding"],["no_content","no_content",""],["factual","pub_info",""],["no_content","no_content",""],["factual","pub_info",""],["no_content","no_content",""],["creative","pref_text","acknowledgments"],["no_content","no_content",""],["no_content","no_content","unreadable"],["no_content","no_content",""],["factual","list",""],["no_content","no_content",""],["factual","list",""],["no_content","no_content",""],["factual","list",""],["no_content","no_content",""],["factual","list",""],["no_content","no_content",""],["creative","main_text",""],["no_content","no_content",""]]
uc1.32106000921814	[["no_content","no_content","barcode"],["no_content","no_content","stamp"],["no_content","no_content",""],["no_content","no_content",""],["factual","title",""],["factual","ad",""],["factual","title",""],["factual","pub_info",""],["factual","dedication",""],["no_content","no_content",""],["factual","list",""],["factual","appendix",""],["factual","title",""],["no_content","no_content",""],["creative","pref_text","introduction"],["creative","pref_text","introduction"],["creative","pref_text","introduction"],["creative","pref_text","introduction"],["creative","pref_text","introduction"],["creative","pref_text","introduction"]]
uc1.32106001347340	[["no_content","no_content","library binding"],["no_content","no_content","stamp"],["mixed","cover","cover design"],["creative","image",""],["factual","title",""],["factual","pub_info",""],["creative","pref_text","foreword"],["creative","pref_text","foreword"],["creative","epigraph",""],["no_content","no_content",""],["creative","image","music, illustration"],["creative","image","music, illustration"],["creative","image","music, illustration"],["creative","image","music, illustration"],["creative","image","music, illustration"],["creative","image","music, illustration"],["creative","image","music, illustration"],["creative","image","music, illustration"],["creative","image","music, illustration"],["creative","image","music, illustration"]]
uc1.32106008141779	[["factual","cover",""],["no_content","no_content","endpaper"],["no_content","no_content","endpaper"],["no_content","no_content",""],["factual","title",""],["factual","pub_info",""],["factual","title",""],["factual","pub_info",""],["factual","dedication",""],["no_content","no_content",""],["factual","list",""],["no_content","no_content",""],["creative","pref_text","preface"],["no_content","no_content",""],["creative","main_text",""],["creative","main_text",""],["creative","main_text",""],["creative","main_text",""],["creative","main_text",""],["creative","main_text",""]]
uc1.32106010956529	[["no_content","no_content","barcode"],["no_content","no_content",""],["no_content","no_content",""],["no_content","no_content",""],["no_content","no_content",""],["no_content","no_content",""],["no_content","no_content",""],["no_content","no_content",""],["factual","list",""],["creative","ad",""],["mixed","main_text","list of contents with main text"],["creative","main_text",""],["creative","main_text",""],["creative","main_text",""],["creative","main_text",""],["creative","main_text",""],["creative","main_text",""],["creative","main_text",""],["creative","image","image accompanies text"],["creative","main_text",""]]
uc1.b2870103	[["no_content","no_content","barcode"],["no_content","no_content","stamp"],["no_content","no_content",""],["no_content","no_content",""],["no_content","no_content",""],["no_content","no_content",""],["factual","appendix",""],["factual","appendix",""],["factual","appendix",""],["no_content","no_content",""],["factual","list","also title"],["no_content","no_content",""],["factual","list","also title"],["factual","appendix",""],["creative","main_text",""],["creative","main_text",""],["creative","main_text",""],["creative","main_text",""],["creative","main_text",""],["creative","main_text",""]]
uc1.b2970354	[["no_content","no_content","binding"],["no_content","no_content","endpaper"],["no_content","no_content","endpaper"],["no_content","no_content",""],["no_content","no_content",""],["no_content","no_content",""],["mixed","cover","cover design"],["creative","ad",""],["creative","main_text",""],["creative","main_text",""],["creative","main_text",""],["creative","main_text",""],["creative","main_text",""],["creative","main_text",""],["creative","main_text",""],["creative","main_text",""],["creative","main_text",""],["creative","main_text",""],["creative","main_text",""],["creative","main_text",""]]
uc1.b3000019	[["no_content","no_content","binding"],["no_content","no_content",""],["factual","title",""],["factual","pub_info",""],["factual","list",""],["creative","pref_text","about the author"],["creative","pub_info","foreword"],["creative","pref_text","foreword"],["creative","pref_text","introduction"],["creative","pref_text","introduction"],["factual","appendix",""],["no_content","no_content",""],["creative","main_text",""],["creative","main_text",""],["creative","main_text",""],["creative","main_text",""],["factual","image","line map"],["creative","main_text",""],["creative","main_text",""],["creative","main_text",""]]
uc1.b3019605	[["no_content","no_content","binding"],["no_content","no_content","bookplate"],["no_content","no_content",""],["no_content","no_content",""],["no_content","no_content",""],["no_content","no_content",""],["factual","title",""],["factual","pub_info",""],["factual","list",""],["factual","list",""],["factual","list",""],["factual","appendix",""],["factual","appendix",""],["factual","appendix",""],["factual","appendix",""],["factual","appendix",""],["factual","appendix",""],["factual","appendix",""],["factual","appendix",""],["factual","appendix",""]]
uc1.b3039010	[["no_content","no_content","endpaper"],["no_content","no_content",""],["no_content","no_content",""],["no_content","no_content",""],["factual","title",""],["factual","appendix",""],["factual","appendix",""],["factual","appendix",""],["factual","appendix",""],["factual","appendix",""],["factual","appendix",""],["factual","appendix",""],["factual","appendix",""],["factual","appendix",""],["factual","appendix",""],["factual","appendix",""],["mixed","cover","cover design"],["creative","ad",""],["factual","list",""],["creative","ad",""]]
uc1.b3096219	[["no_content","no_content","binding"],["no_content","no_content","bookplate"],["no_content","no_content",""],["no_content","no_content",""],["no_content","no_content",""],["no_content","no_content",""],["factual","cover",""],["no_content","no_content",""],["factual","list",""],["factual","pub_info",""],["creative","main_text",""],["creative","main_text",""],["creative","main_text",""],["creative","main_text",""],["creative","main_text",""],["creative","main_text",""],["creative","main_text",""],["creative","main_text",""],["creative","main_text",""],["creative","main_text",""]]
uc1.b3526451	[["factual","cover",""],["no_content","no_content","stamp"],["no_content","no_content",""],["no_content","no_content",""],["factual","title",""],["creative","pref_text","about this book"],["creative","main_text",""],["creative","main_text",""],["creative","main_text",""],["creative","main_text",""],["creative","main_text",""],["creative","main_text",""],["creative","main_text",""],["creative","main_text",""],["creative","main_text",""],["creative","main_text",""],["creative","main_text",""],["creative","main_text",""],["creative","main_text",""],["creative","main_text",""]]
uc1.b3600131	[["no_content","no_content","barcode"],["no_content","no_content","endpaper"],["no_content","no_content","endpaper"],["no_content","no_content",""],["mixed","cover","cover design"],["no_content","no_content",""],["no_content","no_content",""],["no_content","no_content",""],["factual","title",""],["no_content","no_content",""],["factual","title",""],["factual","pub_info",""],["factual","dedication",""],["no_content","no_content",""],["creative","epigraph",""],["no_content","no_content",""],["creative","main_text",""],["creative","main_text",""],["creative","main_text",""],["creative","main_text",""]]
uc1.b3908285	[["no_content","no_content","barcode"],["no_content","no_content","endpaper"],["no_content","no_content","endpaper"],["no_content","no_content",""],["mixed","cover","cover design"],["no_content","no_content",""],["factual","pub_info",""],["creative","pref_text","abstract"],["factual","list",""],["factual","list",""],["creative","main_text",""],["creative","main_text",""],["factual","main_text","data graph"],["creative","image",""],["creative","main_text",""],["creative","main_text",""],["creative","main_text",""],["creative","main_text",""],["creative","main_text",""],["creative","image",""]]
uc1.b3971990	[["no_content","no_content",""],["no_content","no_content",""],["no_content","no_content",""],["no_content","no_content",""],["no_content","no_content",""],["no_content","no_content",""],["factual","cover",""],["factual","ad",""],["factual","list",""],["creative","image","image on title page"],["creative","main_text",""],["creative","main_text",""],["creative","main_text",""],["creative","main_text",""],["creative","main_text",""],["creative","main_text",""],["creative","main_text",""],["creative","main_text",""],["factual","main_text","references, bibliography"],["creative","image","image accompanies title"]]
uc1.b4098956	[["no_content","no_content","barcode"],["creative","image",""],["creative","image",""],["no_content","no_content",""],["factual","title",""],["creative","image",""],["factual","title",""],["factual","pub_info",""],["factual","dedication",""],["no_content","no_content",""],["factual","list",""],["creative","image",""],["creative","main_text",""],["creative","main_text",""],["creative","image","illustration accompanies text"],["creative","image","illustration accompanies text"],["creative","image","photo accompanies text"],["creative","main_text",""],["creative","image","map"],["creative","main_text",""]]
uc1.b4170060	[["no_content","no_content","barcode"],["no_content","no_content",""],["no_content","no_content",""],["no_content","no_content",""],["mixed","cover","cover photo"],["creative","pref_text",""],["factual","title",""],["creative","pref_text","acknowledgments"],["factual","list",""],["factual","appendix",""],["creative","pref_text","executive summary"],["creative","main_text",""],["creative","main_text",""],["creative","main_text",""],["creative","image",""],["creative","main_text",""],["creative","main_text",""],["factual","image","line map"],["creative","image","image accompanies text"],["creative","image","image accompanies text"]]
uc1.b4276711	[["factual","cover",""],["no_content","no_content","bookplate"],["no_content","no_content",""],["no_content","no_content",""],["factual","title",""],["factual","pub_info",""],["factual","list",""],["factual","list",""],["factual","appendix",""],["factual","appendix",""],["factual","appendix",""],["factual","appendix",""],["factual","appendix",""],["factual","appendix",""],["factual","appendix",""],["factual","appendix",""],["factual","appendix",""],["factual","appendix",""],["factual","appendix",""],["factual","appendix",""]]
uc1.b4324947	[["factual","cover",""],["no_content","no_content","bookplate"],["factual","cover",""],["no_content","no_content",""],["creative","image","title has image"],["factual","ad",""],["no_content","no_content",""],["creative","image",""],["factual","title",""],["factual","pub_info",""],["factual","dedication",""],["no_content","no_content",""],["factual","list",""],["factual","list",""],["factual","list",""],["no_content","no_content",""],["factual","list",""],["factual","list",""],["factual","title",""],["no_content","no_content",""]]
uc1.c049367576	[["no_content","no_content","binding"],["no_content","no_content","endpaper"],["no_content","no_content","endpaper"],["no_content","no_content",""],["factual","cover",""],["no_content","no_content",""],["no_content","no_content",""],["no_content","no_content",""],["factual","title",""],["factual","pub_info",""],["factual","list",""],["factual","appendix",""],["factual","title",""],["factual","appendix",""],["factual","main_text","data chart"],["factual","main_text","data chart"],["factual","main_text","data chart"],["factual","main_text","data chart"],["factual","main_text","data chart"],["factual","main_text","data chart"]]
uc1.c103070885	[["no_content","no_content","binding"],["no_content","no_content",""],["no_content","no_content",""],["no_content","no_content",""],["factual","pref_text","number"],["no_content","no_content",""],["factual","cover",""],["factual","pub_info",""],["no_content","no_content",""],["no_content","no_content",""],["factual","title",""],["no_content","no_content",""],["factual","list",""],["factual","list",""],["creative","pref_text","introductory note"],["creative","pref_text","introductory note"],["creative","pref_text","introductory note"],["creative","pref_text","introductory note"],["factual","main_text","data chart"],["no_content","no_content",""]]
uc1.l0063648034	[["no_content","no_content","binding"],["no_content","no_content","bookplate"],["no_content","no_content",""],["no_content","no_content",""],["no_content","no_content",""],["no_content","no_content",""],["factual","cover",""],["no_content","no_content",""],["factual","cover",""],["no_content","no_content",""],["factual","cover",""],["no_content","no_content",""],["factual","cover",""],["no_content","no_content",""],["factual","cover",""],["no_content","no_content",""],["factual","cover",""],["creative","ad",""],["creative","pref_text","publication rules"],["factual","list",""]]
uc1.l0064164874	[["no_content","no_content","binding"],["no_content","no_content","bookplate"],["no_content","no_content","endpaper"],["no_content","no_content",""],["no_content","no_content",""],["no_content","no_content",""],["factual","title",""],["factual","pub_info",""],["factual","appendix",""],["factual","appendix",""],["factual","appendix",""],["factual","appendix",""],["factual","appendix",""],["factual","appendix",""],["factual","appendix",""],["no_content","no_content",""],["factual","list",""],["creative","pref_text","about the publication"],["creative","main_text",""],["creative","main_text",""]]
uc1.l0064689664	[["factual","cover",""],["creative","pref_text","instructions to authors"],["factual","title",""],["factual","appendix",""],["factual","list",""],["factual","list",""],["factual","list",""],["factual","appendix",""],["factual","appendix",""],["factual","appendix",""],["factual","appendix",""],["factual","appendix",""],["factual","appendix",""],["factual","appendix",""],["factual","appendix",""],["factual","appendix",""],["factual","pref_text","address"],["no_content","no_content",""],["creative","main_text",""],["creative","main_text",""]]
uc1.l0065538217	[["no_content","no_content","binding"],["no_content","no_content",""],["no_content","no_content",""],["no_content","no_content",""],["factual","title",""],["no_content","no_content",""],["factual","title",""],["factual","pub_info",""],["factual","dedication",""],["no_content","no_content",""],["factual","pub_info",""],["creative","pref_text","acknowledgments"],["creative","pref_text","preface"],["creative","pref_text","preface"],["creative","pref_text","preface"],["creative","pref_text","preface"],["creative","pref_text","preface"],["creative","pref_text","preface"],["creative","pref_text","preface"],["creative","pref_text","preface"]]
uc1.l0075260588	[["factual","cover",""],["no_content","no_content","endpaper"],["no_content","no_content","endpaper"],["no_content","no_content",""],["factual","title",""],["factual","pub_info",""],["factual","dedication",""],["no_content","no_content",""],["factual","list",""],["factual","list",""],["factual","list",""],["factual","list",""],["creative","pref_text","preface"],["creative","pref_text","preface"],["factual","appendix",""],["no_content","no_content",""],["creative","pref_text","introduction"],["creative","pref_text","introduction"],["creative","pref_text","introduction"],["no_content","no_content",""]]
uc1.x33356	[["no_content","no_content","barcode"],["no_content","no_content",""],["no_content","no_content",""],["no_content","no_content",""],["no_content","no_content",""],["no_content","no_content",""],["factual","pub_info",""],["no_content","no_content",""],["creative","pref_text","acknowledgment"],["no_content","no_content",""],["factual","list",""],["no_content","no_content",""],["creative","pref_text","abstract"],["no_content","no_content",""],["factual","list",""],["no_content","no_content",""],["factual","list",""],["no_content","no_content",""],["creative","main_text",""],["no_content","no_content",""]]
uc1.x78904	[["no_content","no_content","barcode"],["no_content","no_content",""],["no_content","no_content",""],["no_content","no_content",""],["factual","pub_info",""],["no_content","no_content",""],["factual","pub_info",""],["no_content","no_content",""],["creative","pref_text","abstract"],["no_content","no_content",""],["creative","pref_text","abstract"],["no_content","no_content",""],["creative","pref_text","acknowledgments"],["no_content","no_content",""],["factual","list",""],["no_content","no_content",""],["factual","list",""],["no_content","no_content",""],["factual","list",""],["no_content","no_content",""]]
uiug.30112019639472	[["no_content","no_content","cutter"],["no_content","no_content",""],["no_content","no_content","stamp"],["no_content","no_content",""],["factual","title",""],["no_content","no_content",""],["creative","main_text",""],["creative","image","image accompanies text"],["creative","main_text",""],["creative","main_text",""],["creative","main_text",""],["creative","image","image accompanies text"],["creative","image","image accompanies text"],["creative","image","image accompanies text"],["creative","main_text",""],["creative","image","image accompanies text"],["creative","image","image accompanies text"],["creative","main_text",""],["creative","image","image accompanies text"],["creative","main_text",""]]
uiug.30112019806774	[["no_content","no_content","cutter"],["no_content","no_content",""],["no_content","no_content","stamp"],["no_content","no_content",""],["factual","title",""],["no_content","no_content",""],["creative","pref_text",""],["factual","list",""],["creative","main_text",""],["creative","main_text",""],["creative","main_text",""],["creative","main_text",""],["creative","main_text",""],["creative","main_text",""],["creative","main_text",""],["creative","main_text",""],["creative","main_text",""],["factual","main_text","bibliography"],["no_content","no_content",""],["creative","image","icon"]]
uiug.30112027821997	[["no_content","no_content","binding"],["no_content","no_content","bookplate"],["no_content","no_content","due date slip"],["no_content","no_content",""],["no_content","no_content",""],["no_content","no_content",""],["factual","title",""],["factual","pub_info",""],["factual","list",""],["factual","list",""],["factual","list",""],["factual","list",""],["creative","main_text",""],["creative","main_text",""],["creative","main_text",""],["creative","main_text",""],["creative","main_text",""],["creative","main_text",""],["creative","main_text",""],["creative","main_text",""]]
uiug.30112047798985	[["no_content","no_content","binding"],["no_content","no_content","bookplate"],["no_content","no_content",""],["no_content","no_content",""],["no_content","no_content",""],["no_content","no_content",""],["factual","title",""],["factual","pub_info",""],["creative","pref_text","preface"],["no_content","no_content",""],["factual","list",""],["factual","list",""],["creative","main_text",""],["creative","main_text",""],["creative","main_text",""],["factual","main_text","data table"],["creative","main_text",""],["creative","main_text",""],["factual","title",""],["factual","main_text","data table"]]
uiug.30112063815812	[["no_content","no_content","binding"],["no_content","no_content","stamp"],["no_content","no_content","due date slip"],["no_content","no_content",""],["no_content","no_content",""],["no_content","no_content",""],["factual","title",""],["no_content","no_content",""],["no_content","no_content",""],["no_content","no_content",""],["creative","main_text",""],["creative","main_text",""],["creative","main_text",""],["creative","main_text",""],["creative","main_text",""],["creative","main_text",""],["creative","main_text",""],["creative","main_text",""],["creative","main_text",""],["creative","main_text",""]]
uiug.30112109931516	[["no_content","no_content","binding"],["no_content","no_content","cutter"],["no_content","no_content","cutter"],["no_content","no_content","scan bed"],["no_content","no_content","binding"],["no_content","no_content","stamp"],["no_content","no_content",""],["no_content","no_content",""],["no_content","no_content",""],["no_content","no_content",""],["factual","title",""],["factual","appendix",""],["factual","list",""],["factual","list",""],["creative","main_text",""],["creative","main_text",""],["creative","main_text",""],["creative","main_text",""],["creative","main_text",""],["creative","main_text",""]]
uiug.30112119305784	[["no_content","no_content","binding"],["no_content","no_content","stamp"],["no_content","no_content","stamp"],["no_content","no_content",""],["no_content","no_content",""],["no_content","no_content",""],["factual","cover",""],["no_content","no_content",""],["factual","list",""],["no_content","no_content",""],["factual","cover",""],["factual","list",""],["creative","main_text",""],["creative","main_text",""],["creative","main_text",""],["creative","main_text",""],["creative","main_text",""],["creative","main_text",""],["creative","main_text",""],["creative","main_text",""]]
uiug.30112121939497	[["mixed","cover","cover design"],["creative","main_text",""],["creative","main_text",""],["factual","pub_info",""],["factual","pub_info",""],["factual","pub_info",""],["factual","pub_info",""],["factual","pub_info",""],["factual","pub_info",""],["factual","pub_info",""],["factual","pub_info",""],["factual","pub_info",""],["factual","pub_info",""],["factual","pub_info",""],["factual","pub_info",""],["factual","pub_info",""],["factual","pub_info",""],["factual","pub_info",""],["factual","pub_info",""],["factual","pub_info",""]]
umn.31951001317531c	[["no_content","no_content","library binding"],["no_content","no_content","bookplate"],["no_content","no_content",""],["no_content","no_content",""],["factual","title","title, list of content, pub info"],["creative","pref_text",""],["creative","main_text",""],["creative","main_text",""],["factual","main_text","data"],["factual","main_text","data"],["factual","main_text","data"],["factual","main_text","data"],["factual","main_text","data"],["factual","main_text","data"],["factual","main_text","data"],["factual","main_text","data"],["factual","main_text","data"],["factual","main_text","data"],["factual","main_text","data"],["factual","main_text","data"]]
umn.31951001352214p	[["no_content","no_content","binding"],["no_content","no_content","stamp"],["no_content","no_content",""],["no_content","no_content",""],["factual","title",""],["no_content","no_content",""],["factual","title",""],["factual","pub_info",""],["creative","pref_text","preface"],["factual","list",""],["factual","appendix",""],["creative","pref_text","summary"],["creative","main_text",""],["creative","main_text",""],["creative","main_text",""],["creative","main_text",""],["creative","main_text",""],["creative","main_text",""],["creative","main_text",""],["factual","main_text","mostly data table"]]
umn.31951001412554i	[["no_content","no_content","binding"],["no_content","no_content","stamp"],["no_content","no_content",""],["no_content","no_content",""],["creative","pref_text",""],["factual","list",""],["creative","main_text",""],["factual","main_text","sentence diagrams"],["creative","main_text",""],["creative","main_text",""],["creative","main_text",""],["creative","main_text",""],["creative","main_text",""],["creative","main_text",""],["creative","main_text",""],["creative","main_text",""],["creative","main_text",""],["creative","main_text",""],["creative","main_text",""],["creative","main_text",""]]
umn.319510015778396	[["factual","cover",""],["no_content","no_content","stamp"],["factual","title",""],["factual","pub_info",""],["creative","pref_text","preface"],["no_content","no_content",""],["factual","main_text","alphabetical list of shorthand symbols"],["factual","main_text","alphabetical list of shorthand symbols"],["factual","main_text","alphabetical list of shorthand symbols"],["factual","main_text","alphabetical list of shorthand symbols"],["factual","main_text","alphabetical list of shorthand symbols"],["factual","main_text","alphabetical list of shorthand symbols"],["factual","main_text","alphabetical list of shorthand symbols"],["factual","main_text","alphabetical list of shorthand symbols"],["factual","main_text","alphabetical list of shorthand symbols"],["factual","main_text","alphabetical list of shorthand symbols"],["factual","main_text","alphabetical list of shorthand symbols"],["factual","main_text","alphabetical list of shorthand symbols"],["factual","main_text","alphabetical list of shorthand symbols"],["factual","main_text","alphabetical list of shorthand symbols"]]
umn.31951001638032s	[["no_content","no_content","binding"],["no_content","no_content","bookplate"],["factual","cover",""],["factual","ad",""],["factual","title",""],["no_content","no_content",""],["factual","title",""],["factual","pub_info",""],["factual","dedication",""],["no_content","no_content",""],["creative","poem",""],["no_content","no_content",""],["factual","appendix","cast of characters"],["factual","image","line map"],["creative","main_text",""],["creative","main_text",""],["creative","main_text",""],["creative","main_text",""],["creative","main_text",""],["creative","main_text",""]]
umn.31951d01046615s	[["mixed","cover","cover design"],["no_content","no_content","stamp"],["factual","title",""],["factual","pub_info",""],["creative","pref_text",""],["creative","pref_text",""],["creative","pref_text",""],["creative","pref_text",""],["factual","list",""],["factual","list",""],["creative","pref_text","preface, acknowlegments"],["no_content","no_content",""],["creative","main_text",""],["creative","main_text",""],["creative","main_text",""],["creative","main_text",""],["creative","main_text",""],["creative","main_text",""],["creative","main_text",""],["creative","main_text",""]]
umn.31951d01943553c	[["mixed","cover","cover illustration"],["no_content","no_content",""],["creative","pref_text",""],["factual","list",""],["factual","appendix",""],["factual","appendix",""],["creative","pref_text",""],["creative","main_text",""],["creative","main_text",""],["creative","main_text",""],["creative","main_text",""],["creative","main_text",""],["creative","main_text",""],["creative","main_text",""],["creative","main_text",""],["creative","main_text",""],["creative","main_text",""],["creative","main_text",""],["creative","main_text",""],["creative","main_text",""]]
umn.31951d02399485d	[["factual","cover",""],["no_content","no_content",""],["factual","title",""],["no_content","no_content",""],["creative","main_text",""],["creative","main_text",""],["creative","main_text",""],["creative","main_text",""],["creative","main_text",""],["creative","main_text",""],["creative","main_text",""],["creative","main_text",""],["factual","main_text","data charts"],["factual","main_text","data charts"],["factual","image","scientific image"],["creative","main_text",""],["creative","main_text",""],["creative","main_text",""],["no_content","no_content",""],["no_content","no_content",""]]
uva.x001458490	[["factual","cover",""],["no_content","no_content","stamp"],["no_content","no_content",""],["no_content","no_content",""],["factual","title",""],["no_content","no_content",""],["factual","title",""],["factual","pub_info",""],["creative","main_text",""],["creative","main_text",""],["creative","main_text",""],["creative","main_text",""],["creative","main_text",""],["creative","main_text",""],["creative","main_text",""],["creative","main_text",""],["creative","main_text",""],["creative","main_text",""],["creative","main_text",""],["creative","main_text",""]]
uva.x004656550	[["mixed","cover","cover illustration"],["factual","pub_info",""],["factual","title",""],["factual","pub_info",""],["factual","list",""],["creative","image",""],["creative","main_text",""],["creative","main_text",""],["creative","main_text",""],["creative","main_text",""],["creative","main_text",""],["creative","main_text",""],["creative","main_text",""],["creative","main_text",""],["creative","main_text",""],["creative","main_text",""],["creative","main_text",""],["creative","main_text",""],["creative","main_text",""],["creative","main_text",""]]
uva.x030688122	[["mixed","cover","cover photo"],["factual","appendix",""],["creative","main_text",""],["creative","main_text",""],["creative","image","photos accompany text"],["creative","main_text",""],["creative","main_text",""],["creative","main_text",""],["creative","image","photos accompany text"],["creative","image","photos accompany text"],["creative","image","photos accompany text"],["creative","image","photos accompany text"],["creative","main_text",""],["creative","image","photos accompany text"],["creative","main_text",""],["creative","main_text",""],["creative","image","photo accompanies text"],["creative","image","photo accompanies text"],["creative","image","photo accompanies text"],["creative","main_text",""]]
wu.89008082778	[["factual","cover",""],["no_content","no_content","stamp"],["factual","title",""],["no_content","no_content",""],["factual","title",""],["factual","pub_info",""],["creative","main_text",""],["creative","main_text",""],["creative","main_text",""],["creative","main_text",""],["creative","main_text",""],["creative","main_text",""],["creative","main_text",""],["creative","main_text",""],["creative","main_text",""],["creative","main_text",""],["creative","main_text",""],["creative","main_text",""],["creative","main_text",""],["creative","main_text",""]]
wu.89064229735	[["no_content","no_content","cutter"],["no_content","no_content",""],["mixed","cover","cover art"],["no_content","no_content","stamp"],["factual","title",""],["no_content","no_content",""],["factual","title",""],["factual","pub_info",""],["creative","pref_text",""],["creative","pref_text",""],["factual","title",""],["creative","poem","13th century"],["creative","poem","13th century"],["creative","poem","13th century"],["creative","poem","13th century"],["creative","poem","13th century"],["creative","poem","13th century"],["no_content","no_content",""],["creative","image",""],["creative","poem","13th century"]]
wu.89064768773	[["no_content","no_content","cutter"],["no_content","no_content","stamp"],["mixed","cover","cover illustration"],["creative","pref_text","book jacket summary"],["no_content","no_content",""],["no_content","no_content","stamp"],["factual","title",""],["no_content","no_content",""],["factual","title",""],["factual","pub_info",""],["creative","pref_text","introduction"],["creative","pref_text","introduction"],["creative","pref_text","introduction"],["no_content","no_content",""],["creative","main_text",""],["creative","main_text",""],["creative","main_text",""],["creative","main_text",""],["creative","main_text",""],["creative","main_text",""]]
wu.89090408493	[["no_content","no_content","binding"],["no_content","no_content","stamp"],["no_content","no_content",""],["no_content","no_content",""],["no_content","no_content",""],["no_content","no_content","stamp"],["creative","main_text",""],["no_content","no_content",""],["creative","main_text",""],["no_content","no_content",""],["creative","main_text",""],["no_content","no_content",""],["creative","main_text",""],["no_content","no_content",""],["creative","main_text",""],["no_content","no_content",""],["creative","main_text",""],["no_content","no_content",""],["creative","main_text",""],["no_content","no_content",""]]
wu.89091261743	[["no_content","no_content","binding"],["no_content","no_content","stamp"],["no_content","no_content",""],["no_content","no_content",""],["creative","main_text",""],["no_content","no_content",""],["creative","main_text","arithmetic word problems"],["no_content","no_content",""],["creative","main_text","arithmetic word problems"],["no_content","no_content",""],["creative","main_text","arithmetic word problems"],["no_content","no_content",""],["creative","main_text","arithmetic word problems"],["no_content","no_content",""],["creative","main_text","math test"],["no_content","no_content",""],["creative","main_text","arithmetic word problems"],["no_content","no_content",""],["creative","main_text",""],["no_content","no_content",""]]
wu.89097230304	[["no_content","no_content","binding"],["no_content","no_content","stamp"],["no_content","no_content",""],["no_content","no_content",""],["no_content","no_content",""],["no_content","no_content",""],["factual","title",""],["no_content","no_content",""],["factual","title",""],["factual","pub_info",""],["factual","list",""],["factual","list",""],["factual","list",""],["factual","list",""],["creative","pref_text",""],["creative","pref_text",""],["creative","pref_text","introduction"],["creative","pref_text","introduction"],["creative","pref_text","introduction"],["creative","pref_text","acknowledgments"]]
wu.89101820132	[["factual","cover",""],["no_content","no_content","stamp"],["no_content","no_content",""],["no_content","no_content",""],["factual","pub_info",""],["no_content","no_content",""],["factual","title",""],["factual","pub_info",""],["factual","pub_info",""],["factual","pub_info",""],["creative","pref_text","acknowledgments"],["factual","dedication",""],["factual","list",""],["factual","list",""],["factual","list",""],["factual","list",""],["factual","list",""],["creative","pref_text","abstract"],["creative","pref_text","abstract"],["factual","title",""]]
coo.31924002857559	[["factual","cover",""],["no_content","no_content","endpaper"],["factual","pub_info",""],["no_content","no_content",""],["no_content","no_content",""],["no_content","no_content",""],["factual","title",""],["no_content","no_content",""],["creative","pref_text","acknowledgments"],["no_content","no_content",""],["creative","pref_text","biography"],["no_content","no_content",""],["factual","list",""],["no_content","no_content",""],["factual","list",""],["no_content","no_content",""],["factual","list",""],["no_content","no_content",""],["creative","main_text",""],["no_content","no_content",""]]
coo.31924062329754	[["factual","cover",""],["no_content","no_content","covered by bookplate"],["factual","title",""],["creative","pref_text","about this book"],["factual","list",""],["factual","list",""],["factual","list",""],["creative","pref_text","author bios"],["creative","main_text",""],["creative","main_text",""],["creative","image","photo accompanies text"],["creative","main_text",""],["factual","main_text","bibliography"],["factual","main_text","bibliography"],["creative","main_text",""],["creative","main_text",""],["creative","main_text",""],["creative","main_text",""],["creative","main_text",""],["creative","main_text",""]]
coo.31924071898757	[["no_content","no_content",""],["no_content","no_content","bookplate"],["no_content","no_content","due date slip"],["no_content","no_content",""],["factual","title",""],["no_content","no_content",""],["creative","main_text",""],["creative","main_text",""],["creative","main_text",""],["creative","main_text",""],["creative","main_text",""],["creative","main_text",""],["creative","main_text",""],["creative","main_text",""],["creative","main_text",""],["creative","main_text",""],["creative","main_text",""],["creative","main_text",""],["creative","main_text",""],["no_content","no_content",""]]
coo.31924087502872	[["no_content","no_content","barcode"],["no_content","no_content","bookplate"],["no_content","no_content",""],["no_content","no_content",""],["factual","cover",""],["no_content","no_content","bookplate"],["factual","list",""],["factual","list",""],["creative","main_text",""],["creative","main_text",""],["creative","main_text",""],["creative","main_text",""],["creative","main_text",""],["creative","main_text",""],["creative","main_text",""],["creative","main_text",""],["creative","main_text",""],["creative","main_text",""],["creative","main_text",""],["creative","pref_text",""]]
coo.31924089842185	[["no_content","no_content","page not available"],["no_content","no_content",""],["factual","title",""],["no_content","no_content","cutter"],["creative","pref_text","abstract"],["no_content","no_content",""],["creative","main_text",""],["no_content","no_content",""],["creative","main_text",""],["no_content","no_content",""],["factual","image","graphs"],["no_content","no_content",""],["factual","image","data"],["no_content","no_content",""],["creative","main_text",""],["no_content","no_content",""],["creative","main_text",""],["no_content","no_content",""],["creative","main_text",""],["no_content","no_content",""]]
coo.31924090208350	[["factual","title",""],["no_content","no_content","bookplate"],["no_content","no_content","barcode, due date slip"],["no_content","no_content",""],["no_content","no_content",""],["no_content","no_content",""],["factual","title",""],["no_content","no_content","cutter"],["factual","pub_info",""],["no_content","no_content",""],["factual","pub_info",""],["no_content","no_content",""],["creative","pref_text","abstract"],["no_content","no_content",""],["creative","pref_text","abstract"],["no_content","no_content",""],["creative","pref_text",""],["no_content","no_content",""],["creative","dedication",""],["no_content","no_content",""]]
iau.31858034612972	[["no_content","no_content","due date slip"],["no_content","no_content",""],["no_content","no_content",""],["no_content","no_content",""],["factual","title",""],["no_content","no_content",""],["factual","title",""],["factual","pub_info",""],["no_content","no_content","stamp"],["creative","image",""],["creative","main_text",""],["creative","main_text",""],["no_content","no_content",""],["creative","image",""],["creative","image",""],["no_content","no_content",""],["creative","main_text",""],["creative","main_text",""],["creative","image",""],["no_content","no_content",""]]
ien.35556034555995	[["factual","cover",""],["no_content","no_content",""],["factual","title",""],["no_content","no_content",""],["factual","list",""],["no_content","no_content",""],["creative","pref_text","abstract, introduction"],["creative","main_text",""],["creative","main_text",""],["creative","main_text",""],["creative","main_text",""],["no_content","no_content",""],["no_content","no_content","barcode"],["no_content","no_content","ends at seq 14"],["no_content","no_content","ends at seq 14"],["no_content","no_content","ends at seq 14"],["no_content","no_content","ends at seq 14"],["no_content","no_content","ends at seq 14"],["no_content","no_content","ends at seq 14"],["no_content","no_content","ends at seq 14"]]
ien.35556037718822	[["no_content","no_content","binding"],["no_content","no_content",""],["no_content","no_content",""],["no_content","no_content",""],["no_content","no_content",""],["no_content","no_content",""],["mixed","cover","cover photo"],["creative","ad",""],["mixed","list","photos"],["creative","ad",""],["creative","main_text",""],["creative","ad",""],["creative","image","image accompanies text"],["creative","image","image accompanies text"],["creative","image","image accompanies text"],["creative","ad",""],["creative","ad",""],["creative","image","image accompanies text"],["creative","image","image accompanies text"],["creative","main_text",""]]
ien.35558005581034	[["no_content","no_content","binding"],["no_content","no_content","bookplate"],["no_content","no_content",""],["no_content","no_content",""],["mixed","cover","cover image"],["creative","ad","also pub info"],["factual","pub_info",""],["factual","pub_info",""],["factual","pref_text","membership application form"],["creative","ad",""],["factual","list",""],["factual","list",""],["factual","list",""],["factual","list",""],["factual","list",""],["factual","list",""],["factual","appendix",""],["factual","appendix",""],["factual","appendix",""],["factual","appendix",""]]
ien.35559006798023	[["factual","cover",""],["no_content","no_content","scan bed"],["factual","title",""],["no_content","no_content",""],["factual","appendix",""],["no_content","no_content",""],["factual","main_text","data graphs"],["no_content","no_content",""],["factual","main_text","statistics"],["no_content","no_content",""],["factual","title",""],["no_content","no_content",""],["factual","title",""],["no_content","no_content",""],["factual","main_text","list"],["factual","main_text","list"],["factual","main_text","list"],["factual","main_text","list"],["factual","main_text","list"],["factual","main_text","list"]]
inu.30000004211169	[["factual","cover",""],["no_content","no_content","barcode, stamp"],["no_content","no_content",""],["no_content","no_content",""],["factual","title",""],["factual","pub_info",""],["factual","appendix",""],["factual","appendix",""],["factual","appendix",""],["factual","appendix",""],["no_content","no_content",""],["creative","image",""],["creative","main_text",""],["creative","main_text",""],["creative","main_text",""],["creative","main_text",""],["creative","main_text",""],["creative","main_text",""],["creative","main_text",""],["creative","main_text",""]]
inu.30000029443383	[["factual","cover",""],["no_content","no_content",""],["factual","title",""],["factual","pub_info",""],["factual","list",""],["factual","list",""],["creative","pref_text","acknowlegments"],["creative","epigraph",""],["creative","main_text",""],["creative","main_text",""],["creative","main_text",""],["creative","main_text",""],["creative","main_text",""],["creative","main_text",""],["creative","main_text",""],["creative","main_text",""],["creative","main_text",""],["creative","main_text",""],["creative","main_text",""],["creative","main_text",""]]
inu.30000029458878	[["mixed","cover","cover photo"],["no_content","no_content",""],["no_content","no_content",""],["no_content","no_content",""],["factual","title",""],["factual","pub_info",""],["factual","dedication",""],["factual","list",""],["factual","list",""],["creative","pref_text","preface"],["creative","pref_text","author's note"],["creative","pref_text","introduction"],["creative","pref_text","introduction"],["creative","pref_text","introduction"],["creative","pref_text","introduction"],["creative","image",""],["creative","main_text",""],["creative","main_text",""],["creative","main_text",""],["creative","main_text",""]]
inu.30000037392846	[["mixed","cover","cover art"],["no_content","no_content",""],["no_content","no_content",""],["no_content","no_content",""],["factual","pub_info",""],["creative","pref_text","foreword"],["creative","pref_text","preface"],["creative","pref_text","preface"],["factual","appendix",""],["factual","appendix",""],["factual","dedication",""],["factual","list",""],["creative","main_text",""],["creative","main_text",""],["creative","main_text",""],["creative","main_text",""],["creative","main_text",""],["creative","main_text",""],["creative","main_text",""],["creative","main_text",""]]
inu.30000044477200	[["factual","cover",""],["no_content","no_content",""],["no_content","no_content",""],["no_content","no_content",""],["factual","title",""],["no_content","no_content",""],["factual","list",""],["no_content","no_content",""],["creative","main_text","introduction"],["creative","main_text","introduction"],["creative","main_text",""],["creative","main_text",""],["creative","main_text",""],["creative","main_text",""],["creative","main_text",""],["creative","main_text",""],["creative","main_text",""],["creative","main_text",""],["creative","main_text",""],["creative","main_text",""]]
inu.30000046329177	[["no_content","no_content","binding"],["no_content","no_content",""],["no_content","no_content",""],["no_content","no_content",""],["creative","main_text",""],["creative","main_text",""],["creative","main_text",""],["creative","main_text",""],["creative","main_text",""],["creative","main_text",""],["creative","main_text",""],["creative","main_text",""],["creative","main_text",""],["creative","main_text",""],["creative","main_text",""],["creative","main_text",""],["creative","main_text",""],["creative","main_text",""],["creative","main_text",""],["creative","main_text",""]]
inu.30000046388983	[["no_content","no_content","page not available"],["no_content","no_content","scan bed"],["no_content","no_content","binding"],["no_content","no_content",""],["no_content","no_content","stamp"],["no_content","no_content",""],["mixed","cover","cover design"],["no_content","no_content",""],["factual","title",""],["factual","pub_info",""],["factual","list",""],["no_content","no_content",""],["creative","pref_text","foreword"],["creative","pref_text","introduction"],["creative","main_text",""],["no_content","no_content",""],["factual","title",""],["no_content","no_content",""],["creative","main_text",""],["factual","main_text","data"]]
inu.30000068246549	[["mixed","cover","cover photos"],["no_content","no_content",""],["factual","title","about this document"],["no_content","no_content",""],["factual","list",""],["factual","list",""],["creative","main_text",""],["creative","main_text",""],["creative","main_text",""],["creative","main_text",""],["creative","main_text",""],["creative","main_text",""],["creative","main_text",""],["creative","main_text",""],["creative","main_text",""],["creative","main_text",""],["creative","main_text",""],["no_content","no_content",""],["creative","image",""],["factual","image","line map"]]
inu.30000077022600	[["no_content","no_content","cutter"],["no_content","no_content",""],["factual","cover",""],["factual","pub_info",""],["factual","title",""],["factual","list",""],["creative","pref_text",""],["creative","pref_text","preface"],["creative","pref_text","introduction"],["creative","image","photo accompanies text"],["creative","main_text",""],["creative","main_text",""],["creative","main_text",""],["creative","main_text",""],["creative","main_text",""],["creative","main_text",""],["creative","main_text",""],["creative","image","photo accompanies text"],["creative","main_text",""],["factual","appendix",""]]
inu.30000091359202	[["no_content","no_content","binding"],["no_content","no_content","stamp"],["no_content","no_content","stamp"],["no_content","no_content",""],["no_content","no_content",""],["no_content","no_content",""],["factual","title",""],["no_content","no_content","number stamp"],["factual","pref_text","errata"],["no_content","no_content",""],["factual","list",""],["factual","list",""],["factual","list",""],["no_content","no_content",""],["creative","main_text",""],["creative","main_text",""],["creative","main_text",""],["creative","main_text","mostly data charts"],["creative","main_text","mostly data charts"],["creative","main_text",""]]
inu.30000115668166	[["no_content","no_content","binding"],["no_content","no_content",""],["no_content","no_content",""],["no_content","no_content",""],["no_content","no_content",""],["no_content","no_content",""],["mixed","main_text","title, pub info, main text combined"],["creative","main_text",""],["creative","main_text",""],["creative","main_text",""],["creative","main_text",""],["creative","main_text",""],["creative","main_text",""],["creative","main_text",""],["creative","main_text",""],["creative","main_text",""],["creative","main_text",""],["creative","main_text",""],["creative","main_text",""],["creative","main_text",""]]
inu.30000116080866	[["mixed","cover","cover art"],["no_content","no_content",""],["factual","title",""],["factual","pub_info",""],["factual","list",""],["factual","list",""],["factual","list",""],["no_content","no_content",""],["creative","pref_text","acknowlegments"],["creative","pref_text","acknowlegments"],["creative","pref_text","acknowlegments"],["no_content","no_content",""],["creative","main_text",""],["creative","main_text",""],["creative","main_text",""],["creative","main_text",""],["creative","main_text",""],["creative","main_text",""],["creative","main_text",""],["creative","poem",""]]
inu.30000118630908	[["no_content","no_content","binding"],["no_content","no_content","bookplate"],["no_content","no_content",""],["no_content","no_content",""],["no_content","no_content",""],["no_content","no_content",""],["factual","title",""],["no_content","no_content",""],["factual","title",""],["factual","pub_info",""],["creative","pref_text",""],["creative","pref_text",""],["creative","pref_text",""],["no_content","no_content",""],["creative","poem",""],["creative","poem",""],["creative","poem",""],["creative","poem",""],["creative","poem",""],["no_content","no_content",""]]
mdp.35112104691821	[["factual","cover",""],["no_content","no_content","bookplate"],["factual","title",""],["factual","pub_info",""],["factual","pref_text","disclaimer"],["no_content","no_content",""],["factual","list",""],["factual","list",""],["factual","list",""],["factual","list",""],["factual","list",""],["factual","appendix",""],["factual","appendix",""],["factual","appendix",""],["factual","appendix",""],["factual","appendix",""],["factual","appendix",""],["factual","appendix",""],["factual","appendix",""],["factual","appendix",""]]
mdp.35128000361566	[["no_content","no_content","binding"],["no_content","no_content","scan bed"],["no_content","no_content",""],["no_content","no_content",""],["no_content","no_content",""],["no_content","no_content",""],["factual","cover",""],["no_content","no_content",""],["factual","pub_info",""],["creative","image",""],["factual","list","also description of special features"],["creative","pref_text",""],["factual","ad",""],["creative","ad",""],["creative","ad",""],["factual","appendix",""],["factual","appendix",""],["creative","ad",""],["factual","appendix",""],["factual","appendix",""]]
mdp.35128001747722	[["mixed","cover","cover design"],["no_content","no_content",""],["no_content","no_content","stamp"],["no_content","no_content",""],["factual","title",""],["factual","pref_text","subscription notice"],["factual","title",""],["factual","pub_info",""],["factual","dedication",""],["no_content","no_content",""],["creative","pref_text","about the author"],["creative","pref_text","contributor bios"],["creative","pref_text","acknowledgments"],["creative","pref_text","acknowledgments"],["creative","pref_text","preface"],["creative","pref_text","preface"],["factual","list",""],["factual","list",""],["factual","list",""],["factual","list",""]]
mdp.39015004726710	[["no_content","no_content","binding"],["no_content","no_content","stamp"],["no_content","no_content",""],["no_content","no_content",""],["no_content","no_content",""],["no_content","no_content",""],["factual","title",""],["factual","ad",""],["factual","title",""],["factual","pub_info",""],["factual","title",""],["no_content","no_content",""],["creative","main_text",""],["creative","main_text",""],["creative","main_text",""],["creative","main_text",""],["creative","main_text",""],["creative","main_text",""],["creative","main_text",""],["creative","main_text",""]]
mdp.39015006078508	[["no_content","no_content","binding"],["no_content","no_content","fingers"],["no_content","no_content","fingers"],["no_content","no_content","stamp"],["no_content","no_content","fingers"],["no_content","no_content",""],["factual","title",""],["factual","ad",""],["factual","title",""],["factual","pub_info",""],["creative","pref_text","foreword"],["creative","pref_text","foreword"],["creative","pref_text","preface"],["creative","pref_text","preface"],["creative","pref_text","preface"],["creative","pref_text","preface"],["factual","list",""],["factual","list",""],["factual","list",""],["factual","list",""]]
mdp.39015006564440	[["factual","cover",""],["no_content","no_content","stamp"],["no_content","no_content",""],["no_content","no_content",""],["factual","title",""],["factual","title",""],["factual","title",""],["no_content","no_content",""],["factual","title",""],["factual","pub_info",""],["factual","list",""],["creative","pref_text","introduction"],["creative","pref_text","introduction"],["no_content","no_content",""],["creative","main_text",""],["creative","main_text",""],["creative","main_text",""],["creative","main_text",""],["creative","main_text",""],["creative","main_text",""]]
mdp.39015007422028	[["factual","cover",""],["no_content","no_content","stamp"],["no_content","no_content",""],["no_content","no_content",""],["no_content","no_content",""],["creative","image",""],["factual","title",""],["factual","pub_info",""],["factual","dedication",""],["no_content","no_content",""],["factual","pub_info","contributors"],["no_content","no_content",""],["creative","pref_text","preface"],["no_content","no_content",""],["creative","pref_text","acknowledgments"],["no_content","no_content",""],["factual","list",""],["factual","list",""],["creative","main_text",""],["creative","main_text",""]]
mdp.39015007998407	[["no_content","no_content","binding"],["no_content","no_content","stamp"],["no_content","no_content",""],["no_content","no_content",""],["factual","title",""],["no_content","no_content",""],["factual","title",""],["factual","pub_info",""],["creative","pref_text","foreword"],["creative","pref_text","foreword"],["factual","list",""],["factual","list",""],["factual","title",""],["no_content","no_content",""],["creative","main_text",""],["creative","main_text",""],["creative","main_text",""],["creative","main_text",""],["creative","main_text",""],["creative","main_text",""]]
mdp.39015008288774	[["creative","cover",""],["no_content","no_content","stamp"],["no_content","no_content",""],["no_content","no_content",""],["factual","title",""],["factual","pub_info",""],["factual","title",""],["factual","pub_info",""],["creative","pref_text","foreword"],["creative","pref_text","foreword"],["creative","pref_text","introduction"],["creative","pref_text","introduction"],["creative","pref_text","introduction"],["creative","pref_text","about the authors"],["creative","pref_text","acknowledgments"],["creative","pref_text","acknowledgments"],["creative","pref_text","acknowledgments"],["factual","appendix",""],["factual","appendix",""],["factual","appendix",""]]
mdp.39015009760045	[["no_content","no_content","binding"],["no_content","no_content","endpaper"],["no_content","no_content","endpaper"],["no_content","no_content",""],["no_content","no_content",""],["no_content","no_content",""],["factual","title",""],["no_content","no_content","cutter"],["factual","pref_text","copy quality disclaimer"],["no_content","no_content",""],["creative","pref_text","preface"],["no_content","no_content",""],["creative","pref_text","preface"],["no_content","no_content",""],["creative","pref_text","acknowledgments"],["no_content","no_content",""],["factual","list",""],["no_content","no_content",""],["factual","list",""],["no_content","no_content",""]]
mdp.39015010371303	[["no_content","no_content","cutter"],["no_content","no_content",""],["factual","cover",""],["factual","pub_info",""],["factual","title",""],["creative","pref_text","foreword"],["factual","dedication",""],["creative","main_text","musical score"],["creative","main_text","musical score"],["creative","main_text","musical score"],["creative","main_text","musical score"],["creative","main_text","musical score"],["creative","main_text","musical score"],["creative","main_text","musical score"],["creative","main_text","musical score"],["creative","main_text","musical score"],["creative","main_text","musical score"],["creative","main_text","musical score"],["creative","main_text","musical score"],["creative","main_text","musical score"]]
mdp.39015012634583	[["no_content","no_content","cutter"],["no_content","no_content","stamp"],["no_content","no_content",""],["no_content","no_content",""],["factual","title",""],["factual","pub_info",""],["factual","list",""],["factual","appendix",""],["creative","main_text",""],["creative","image",""],["creative","image",""],["creative","main_text",""],["creative","image",""],["creative","image","photo accompanies text"],["creative","image","photo accompanies text"],["creative","image",""],["creative","main_text",""],["creative","main_text",""],["factual","image","line map"],["factual","main_text","graph"]]
mdp.39015014392867	[["no_content","no_content","library binding"],["no_content","no_content",""],["factual","title",""],["no_content","no_content",""],["factual","title",""],["factual","ad",""],["factual","ad",""],["creative","pref_text","preface"],["factual","list",""],["creative","pref_text","abstract"],["creative","pref_text","introduction"],["creative","main_text",""],["creative","main_text",""],["factual","main_text","data graphs"],["mixed","main_text","mostly data graphs"],["creative","main_text",""],["creative","main_text","mostly data graphs"],["creative","main_text",""],["creative","main_text",""],["creative","main_text",""]]
mdp.39015014810371	[["no_content","no_content","page not available"],["no_content","no_content","bookplate"],["no_content","no_content",""],["no_content","no_content",""],["no_content","no_content",""],["no_content","no_content",""],["factual","title",""],["no_content","no_content",""],["factual","title",""],["no_content","no_content",""],["factual","list",""],["factual","ad",""],["creative","main_text",""],["creative","main_text",""],["creative","main_text",""],["creative","main_text",""],["creative","main_text",""],["creative","main_text",""],["creative","main_text",""],["creative","main_text",""]]
mdp.39015015721569	[["no_content","no_content","cutter"],["no_content","no_content","stamp"],["no_content","no_content",""],["no_content","no_content",""],["creative","pref_text","instructions for authors"],["factual","ad",""],["factual","ad",""],["factual","ad",""],["factual","ad",""],["no_content","no_content",""],["factual","title",""],["no_content","no_content",""],["factual","title",""],["factual","pub_info",""],["factual","list",""],["no_content","no_content",""],["creative","pref_text","introduction"],["creative","pref_text","introduction"],["creative","pref_text","introduction"],["creative","pref_text","introduction"]]
mdp.39015017736896	[["mixed","cover","cover illustration"],["factual","pub_info",""],["no_content","no_content",""],["no_content","no_content",""],["mixed","title","title illustration"],["factual","pub_info",""],["factual","pref_text","disclaimer"],["no_content","no_content",""],["creative","poem",""],["creative","poem",""],["creative","poem",""],["creative","poem",""],["creative","poem",""],["creative","poem",""],["creative","poem",""],["creative","poem",""],["creative","poem",""],["creative","poem",""],["creative","poem",""],["creative","poem",""]]
mdp.39015020247709	[["no_content","no_content","binding"],["no_content","no_content","stamp"],["no_content","no_content",""],["no_content","no_content",""],["factual","pub_info","binding instructions"],["no_content","no_content",""],["mixed","cover","cover art"],["creative","ad",""],["creative","pref_text",""],["no_content","no_content",""],["creative","ad",""],["creative","ad",""],["creative","ad",""],["creative","ad",""],["creative","ad",""],["creative","ad",""],["factual","list",""],["creative","main_text",""],["creative","ad",""],["creative","ad",""]]
mdp.39015021933406	[["no_content","no_content","binding"],["no_content","no_content","stamp"],["no_content","no_content",""],["no_content","no_content",""],["factual","title",""],["no_content","no_content",""],["mixed","title","illustration accompanies title"],["factual","pub_info",""],["creative","pref_text","introduction"],["creative","pref_text","introduction"],["creative","pref_text","introduction"],["creative","pref_text","introduction"],["factual","list",""],["factual","list",""],["factual","title",""],["no_content","no_content",""],["creative","main_text",""],["creative","main_text",""],["creative","main_text",""],["creative","main_text",""]]
mdp.39015022091741	[["factual","main_text",""],["no_content","no_content","scan bed"],["factual","cover",""],["no_content","no_content",""],["factual","title",""],["factual","pub_info",""],["creative","pref_text","abstract"],["no_content","no_content",""],["factual","list",""],["no_content","no_content",""],["creative","main_text",""],["creative","main_text",""],["creative","main_text",""],["creative","main_text",""],["creative","main_text",""],["creative","main_text",""],["creative","main_text",""],["no_content","no_content",""],["creative","main_text",""],["creative","main_text",""]]
mdp.39015023086252	[["no_content","no_content","binding"],["no_content","no_content","stamp"],["no_content","no_content",""],["no_content","no_content",""],["no_content","no_content",""],["no_content","no_content",""],["mixed","cover","cover photo"],["no_content","no_content","finger"],["mixed","cover","cover photo"],["creative","ad",""],["factual","list",""],["creative","ad",""],["creative","ad",""],["creative","ad",""],["creative","ad",""],["creative","ad",""],["creative","ad",""],["creative","ad",""],["creative","main_text",""],["creative","main_text",""]]
mdp.39015028892522	[["mixed","cover","cover design"],["factual","pub_info",""],["factual","title",""],["factual","pub_info",""],["creative","pref_text","foreword"],["creative","pref_text","foreword"],["factual","list",""],["factual","list",""],["factual","list",""],["factual","image","line map"],["creative","main_text",""],["creative","main_text",""],["creative","main_text",""],["creative","main_text",""],["creative","main_text",""],["creative","main_text",""],["creative","main_text",""],["creative","main_text",""],["creative","main_text",""],["creative","main_text",""]]
mdp.39015029401893	[["factual","cover",""],["no_content","no_content","stamp"],["no_content","no_content",""],["no_content","no_content",""],["factual","title",""],["factual","pub_info",""],["factual","title",""],["factual","pub_info",""],["creative","main_text",""],["creative","main_text",""],["creative","main_text",""],["creative","main_text",""],["creative","main_text",""],["creative","main_text",""],["creative","main_text",""],["creative","main_text",""],["creative","main_text",""],["creative","main_text",""],["creative","main_text",""],["creative","main_text",""]]
mdp.39015030331063	[["no_content","no_content","binding"],["no_content","no_content","bookplate"],["no_content","no_content",""],["no_content","no_content",""],["no_content","no_content",""],["no_content","no_content",""],["no_content","no_content",""],["no_content","no_content",""],["factual","title",""],["factual","ad",""],["no_content","no_content",""],["creative","image","public domain"],["factual","title",""],["factual","pub_info",""],["creative","main_text",""],["factual","main_text","bibliography"],["factual","main_text","bibliography"],["factual","main_text","bibliography"],["factual","main_text","bibliography"],["factual","main_text","bibliography"]]
mdp.39015032056213	[["no_content","no_content","binding"],["no_content","no_content","stamp"],["no_content","no_content",""],["no_content","no_content",""],["factual","title",""],["no_content","no_content",""],["factual","title",""],["factual","pub_info",""],["creative","pref_text","introduction"],["creative","pref_text","introduction"],["creative","pref_text","introduction"],["factual","main_text","alphabetical factual list"],["factual","main_text","alphabetical factual list"],["factual","main_text","alphabetical factual list"],["factual","main_text","alphabetical factual list"],["factual","main_text","alphabetical factual list"],["factual","main_text","alphabetical factual list"],["factual","main_text","alphabetical factual list"],["factual","main_text","alphabetical factual list"],["factual","main_text","alphabetical factual list"]]
mdp.39015035951428	[["no_content","no_content","binding"],["no_content","no_content","stamp"],["no_content","no_content",""],["no_content","no_content",""],["no_content","no_content",""],["no_content","no_content","cutter"],["factual","list",""],["factual","list",""],["factual","list",""],["no_content","no_content",""],["factual","appendix",""],["factual","appendix",""],["factual","appendix",""],["no_content","no_content",""],["creative","pref_text","preface"],["creative","pref_text","preface"],["creative","main_text",""],["creative","main_text",""],["creative","main_text",""],["creative","main_text",""]]
mdp.39015036344417	[["no_content","no_content","binding"],["no_content","no_content","stamp"],["no_content","no_content",""],["no_content","no_content",""],["factual","title",""],["factual","ad",""],["factual","ad",""],["factual","ad",""],["factual","title",""],["factual","pub_info",""],["factual","pub_info","contributors list"],["factual","pub_info","contributors list"],["factual","pub_info","contributors list"],["no_content","no_content",""],["creative","pref_text","foreword"],["no_content","no_content",""],["creative","pref_text","preface"],["creative","pref_text","preface"],["creative","pref_text","introduction"],["creative","pref_text","introduction"]]
mdp.39015037664607	[["no_content","no_content","cutter"],["no_content","no_content","stamp"],["no_content","no_content",""],["no_content","no_content",""],["factual","pub_info",""],["factual","pub_info",""],["factual","title",""],["factual","pub_info",""],["creative","epigraph",""],["factual","pref_text","acknowledgments of financial assistance"],["factual","list",""],["creative","image",""],["creative","pref_text","in memoriam"],["creative","pref_text","in memoriam"],["creative","pref_text","in memoriam"],["creative","pref_text","in memoriam"],["creative","pref_text","in memoriam"],["creative","pref_text","in memoriam"],["creative","pref_text","in memoriam"],["creative","pref_text","in memoriam"]]
mdp.39015037936476	[["factual","cover",""],["no_content","no_content","stamp"],["no_content","no_content",""],["no_content","no_content",""],["no_content","no_content",""],["no_content","no_content",""],["factual","title",""],["factual","pub_info",""],["creative","pref_text",""],["creative","pref_text",""],["creative","pref_text",""],["creative","pref_text",""],["creative","pref_text",""],["factual","appendix","errata"],["creative","main_text",""],["creative","main_text",""],["creative","main_text",""],["creative","main_text",""],["creative","main_text",""],["creative","main_text",""]]
mdp.39015038435304	[["no_content","no_content","binding"],["no_content","no_content","stamp"],["no_content","no_content",""],["no_content","no_content","stamp"],["no_content","no_content",""],["no_content","no_content",""],["factual","title",""],["no_content","no_content",""],["factual","title",""],["factual","pub_info",""],["factual","dedication",""],["creative","epigraph",""],["factual","list",""],["no_content","no_content",""],["factual","list",""],["factual","list",""],["factual","appendix",""],["factual","appendix",""],["factual","appendix",""],["factual","appendix",""]]
mdp.39015041247852	[["mixed","cover","cover art"],["no_content","no_content","stamp"],["factual","title",""],["factual","pub_info",""],["factual","dedication",""],["creative","image",""],["creative","main_text",""],["creative","image",""],["creative","main_text",""],["creative","image",""],["creative","main_text",""],["creative","main_text",""],["creative","main_text",""],["creative","image",""],["creative","main_text",""],["creative","main_text",""],["creative","main_text",""],["creative","main_text",""],["creative","main_text",""],["creative","image",""]]
mdp.39015048272861	[["mixed","cover","cover illustration"],["no_content","no_content","scan bed"],["mixed","cover","cover illustration"],["no_content","no_content","stamp"],["factual","title",""],["no_content","no_content",""],["creative","main_text",""],["creative","main_text",""],["creative","main_text",""],["creative","main_text","musical score"],["creative","main_text","musical score"],["creative","main_text","musical score"],["creative","main_text","musical score"],["creative","main_text","musical score"],["creative","main_text","musical score"],["creative","main_text","musical score"],["creative","main_text","musical score"],["creative","main_text","musical score"],["creative","main_text","musical score"],["creative","main_text","musical score"]]
mdp.39015048360492	[["mixed","cover","cover art"],["no_content","no_content",""],["factual","title",""],["factual","ad",""],["factual","title",""],["factual","pub_info",""],["creative","pref_text","public domain"],["no_content","no_content",""],["creative","pref_text","introduction"],["creative","pref_text","introduction"],["creative","pref_text","introduction"],["no_content","no_content",""],["creative","main_text",""],["creative","main_text",""],["creative","main_text",""],["creative","main_text",""],["creative","main_text",""],["creative","image",""],["creative","main_text",""],["creative","main_text",""]]
mdp.39015050279416	[["no_content","no_content","binding"],["no_content","no_content","stamp"],["no_content","no_content",""],["no_content","no_content",""],["no_content","no_content",""],["factual","pub_info",""],["factual","title",""],["factual","dedication",""],["creative","pref_text","acknowledgments"],["no_content","no_content",""],["creative","pref_text","foreword"],["creative","pref_text","foreword"],["creative","pref_text","foreword"],["creative","pref_text","foreword"],["creative","pref_text","foreword"],["factual","appendix",""],["creative","main_text",""],["creative","main_text",""],["creative","main_text",""],["creative","main_text",""]]
mdp.39015053576149	[["no_content","no_content","binding"],["no_content","no_content","stamp"],["no_content","no_content",""],["no_content","no_content",""],["factual","title",""],["factual","ad",""],["factual","title",""],["factual","pub_info",""],["creative","epigraph",""],["creative","epigraph",""],["creative","epigraph",""],["no_content","no_content",""],["creative","pref_text",""],["no_content","no_content",""],["creative","main_text",""],["creative","main_text",""],["creative","main_text",""],["creative","main_text",""],["creative","main_text",""],["creative","main_text",""]]
mdp.39015055221801	[["no_content","no_content","page not available"],["creative","image","map"],["creative","image","map"],["no_content","no_content","bookplate"],["factual","title",""],["factual","ad",""],["factual","title",""],["factual","pub_info",""],["creative","dedication",""],["no_content","no_content",""],["factual","list",""],["factual","list",""],["factual","list",""],["no_content","no_content",""],["factual","title",""],["no_content","no_content",""],["creative","main_text",""],["creative","main_text",""],["creative","main_text",""],["creative","main_text",""]]
mdp.39015057524012	[["factual","cover",""],["no_content","no_content","scan bed"],["factual","title",""],["no_content","no_content","stamp"],["factual","title",""],["creative","pref_text","foreword"],["creative","main_text","musical score"],["creative","main_text","musical score"],["creative","main_text","musical score"],["creative","main_text","musical score"],["creative","main_text","musical score"],["creative","main_text","musical score"],["creative","main_text","musical score"],["creative","main_text","musical score"],["creative","main_text","musical score"],["creative","main_text","musical score"],["creative","main_text","musical score"],["creative","main_text","musical score"],["creative","main_text","musical score"],["creative","main_text","musical score"]]
mdp.39015057529086	[["no_content","no_content","page not available"],["no_content","no_content","bookplate"],["creative","pref_text",""],["creative","main_text","musical score"],["creative","main_text","musical score"],["creative","main_text","musical score"],["creative","main_text","musical score"],["creative","main_text","musical score"],["creative","main_text","musical score"],["creative","main_text","musical score"],["creative","main_text","musical score"],["creative","pub_info","author bio"],["factual","ad",""],["factual","ad",""],["factual","ad",""],["no_content","no_content","barcode"],["no_content","no_content","last page is on seq 16"],["no_content","no_content","last page is on seq 16"],["no_content","no_content","last page is on seq 16"],["no_content","no_content","last page is on seq 16"]]
mdp.39015058337885	[["no_content","no_content","binding"],["no_content","no_content","stamp"],["no_content","no_content",""],["no_content","no_content",""],["factual","cover",""],["no_content","no_content",""],["creative","main_text",""],["creative","main_text",""],["creative","main_text",""],["creative","main_text",""],["creative","main_text",""],["creative","main_text",""],["creative","main_text",""],["creative","main_text",""],["creative","main_text",""],["creative","main_text",""],["creative","main_text",""],["creative","main_text",""],["creative","main_text",""],["creative","main_text",""]]
mdp.39015060672519	[["mixed","title","cover design"],["no_content","no_content","stamp"],["no_content","no_content",""],["no_content","no_content",""],["factual","pub_info",""],["factual","ad",""],["factual","title",""],["factual","pub_info",""],["factual","dedication",""],["no_content","no_content",""],["factual","list",""],["factual","list",""],["factual","list",""],["factual","list",""],["factual","list",""],["no_content","no_content",""],["creative","pref_text","preface"],["creative","pref_text","preface"],["creative","pref_text","preface"],["creative","pref_text","preface"]]
mdp.39015065755319	[["no_content","no_content","binding"],["no_content","no_content","stamp"],["no_content","no_content",""],["no_content","no_content",""],["no_content","no_content",""],["no_content","no_content",""],["factual","title",""],["factual","pub_info",""],["creative","pref_text","introduction"],["creative","pref_text","introduction"],["creative","pref_text","introduction"],["creative","pref_text","introduction"],["creative","pref_text","introduction"],["creative","pref_text","introduction"],["creative","pref_text","introduction"],["creative","pref_text","introduction"],["creative","pref_text","introduction"],["creative","main_text",""],["creative","main_text",""],["creative","main_text",""]]
mdp.39015069272857	[["factual","cover",""],["no_content","no_content","stamp"],["no_content","no_content",""],["no_content","no_content",""],["factual","title",""],["no_content","no_content",""],["factual","title",""],["factual","pub_info",""],["factual","list",""],["factual","list",""],["creative","pref_text","foreword"],["creative","pref_text","foreword"],["creative","pref_text","introduction"],["creative","pref_text","introduction"],["creative","main_text",""],["creative","main_text",""],["creative","main_text",""],["creative","main_text",""],["creative","main_text",""],["creative","main_text",""]]
mdp.39015069793811	[["factual","cover",""],["no_content","no_content",""],["factual","title",""],["factual","pub_info",""],["creative","main_text",""],["creative","main_text",""],["creative","main_text",""],["creative","main_text",""],["creative","main_text",""],["creative","main_text",""],["creative","main_text",""],["creative","main_text",""],["creative","main_text",""],["creative","main_text",""],["creative","main_text",""],["creative","main_text",""],["creative","main_text",""],["creative","main_text",""],["creative","main_text",""],["creative","main_text",""]]
mdp.39015072139325	[["factual","cover",""],["no_content","no_content",""],["factual","title",""],["factual","pub_info",""],["factual","list",""],["no_content","no_content",""],["factual","appendix",""],["factual","appendix",""],["factual","appendix",""],["factual","appendix",""],["factual","appendix",""],["factual","appendix",""],["factual","appendix",""],["factual","appendix",""],["factual","appendix",""],["factual","appendix",""],["creative","pref_text",""],["factual","appendix",""],["factual","appendix",""],["factual","appendix",""]]
mdp.39015072637682	[["no_content","no_content","page not available"],["no_content","no_content","stamp"],["no_content","no_content",""],["no_content","no_content",""],["factual","title",""],["factual","pref_text","information about the journal"],["factual","list",""],["factual","list",""],["factual","list",""],["factual","appendix",""],["factual","appendix",""],["factual","appendix",""],["factual","appendix",""],["factual","appendix",""],["factual","appendix",""],["factual","appendix",""],["factual","appendix",""],["factual","appendix",""],["creative","main_text",""],["creative","main_text",""]]
mdp.39015073119243	[["no_content","no_content","page not available"],["no_content","no_content","stamp"],["no_content","no_content",""],["no_content","no_content",""],["factual","title",""],["factual","pref_text","serial stamp"],["creative","pref_text",""],["creative","main_text",""],["factual","title",""],["factual","image","line map"],["creative","main_text",""],["no_content","no_content",""],["creative","main_text",""],["factual","image","line map"],["creative","pref_text",""],["creative","main_text",""],["creative","main_text",""],["creative","main_text",""],["creative","main_text",""],["no_content","no_content",""]]
mdp.39015075671423	[["no_content","no_content","binding"],["no_content","no_content","stamp"],["no_content","no_content",""],["no_content","no_content",""],["mixed","cover","cover photo"],["no_content","no_content","stamp"],["factual","title",""],["factual","pub_info",""],["creative","pref_text",""],["creative","pref_text","abstract"],["factual","list",""],["factual","list",""],["creative","main_text",""],["no_content","no_content",""],["creative","image","illustrations accompany text"],["creative","image","illustrations accompany text"],["creative","image","illustrations accompany text"],["creative","image","illustrations accompany text"],["creative","image","illustrations accompany text"],["creative","image","illustrations accompany text"]]
mdp.39015078270413	[["factual","cover",""],["factual","pref_text","about the publisher"],["no_content","no_content",""],["no_content","no_content",""],["factual","title",""],["no_content","no_content","cutter"],["factual","main_text","bibliography"],["factual","main_text","bibliography"],["factual","main_text","bibliography"],["factual","main_text","bibliography"],["factual","main_text","bibliography"],["factual","main_text","bibliography"],["factual","main_text","bibliography"],["factual","main_text","bibliography"],["factual","main_text","bibliography"],["factual","main_text","bibliography"],["factual","main_text","bibliography"],["factual","main_text","bibliography"],["factual","main_text","bibliography"],["factual","main_text","bibliography"]]
mdp.39015080371886	[["no_content","no_content","binding"],["no_content","no_content","bookplate"],["no_content","no_content",""],["no_content","no_content",""],["no_content","no_content",""],["no_content","no_content",""],["creative","ad",""],["creative","ad",""],["mixed","main_text","list of contents, main text"],["no_content","no_content",""],["creative","image",""],["creative","main_text",""],["creative","main_text",""],["creative","main_text",""],["creative","main_text",""],["creative","ad",""],["creative","main_text",""],["creative","ad",""],["creative","main_text",""],["creative","main_text",""]]
mdp.39015082045694	[["factual","cover",""],["no_content","no_content",""],["factual","appendix",""],["no_content","no_content",""],["factual","pref_text","letter of transmittal"],["no_content","no_content",""],["factual","appendix",""],["no_content","no_content",""],["factual","main_text","list of ordinances"],["no_content","no_content",""],["factual","main_text","list of ordinances"],["no_content","no_content",""],["creative","main_text",""],["no_content","no_content",""],["creative","main_text",""],["no_content","no_content",""],["creative","main_text",""],["no_content","no_content",""],["creative","main_text",""],["no_content","no_content",""]]
mdp.39076006669308	[["no_content","no_content","page not available"],["no_content","no_content","scan bed"],["no_content","no_content",""],["no_content","no_content",""],["no_content","no_content",""],["no_content","no_content",""],["factual","title",""],["factual","ad",""],["factual","title",""],["factual","pub_info",""],["factual","dedication",""],["no_content","no_content",""],["factual","list",""],["no_content","no_content",""],["creative","pref_text","preface"],["creative","pref_text","preface"],["creative","pref_text","preface"],["no_content","no_content",""],["creative","main_text",""],["creative","main_text",""]]
mdp.49015002287473	[["no_content","no_content",""],["no_content","no_content","barcode, stamp"],["no_content","no_content",""],["no_content","no_content","barcode, stamp"],["no_content","no_content","due date"],["no_content","no_content",""],["factual","title",""],["no_content","no_content",""],["factual","title",""],["no_content","no_content",""],["factual","title",""],["mixed","pub_info","also author bios"],["factual","list",""],["factual","list",""],["factual","list",""],["factual","image","line map"],["factual","image","line map"],["factual","image","line map"],["factual","image","line map"],["factual","image","line map"]]
miun.adl8871.0006.001	[["factual","cover",""],["no_content","no_content",""],["no_content","no_content",""],["no_content","no_content",""],["factual","title",""],["no_content","no_content",""],["no_content","no_content",""],["no_content","no_content",""],["factual","title",""],["no_content","no_content",""],["factual","title",""],["factual","ad",""],["creative","main_text",""],["creative","main_text",""],["creative","main_text",""],["creative","main_text",""],["creative","main_text",""],["creative","main_text",""],["creative","main_text",""],["creative","main_text",""]]
nyp.33433082868591	[["no_content","no_content","barcode"],["no_content","no_content",""],["no_content","no_content",""],["no_content","no_content",""],["mixed","cover","cover photo"],["no_content","no_content",""],["no_content","no_content",""],["no_content","no_content",""],["factual","title",""],["no_content","no_content",""],["creative","image","image accompanies foreword"],["creative","pref_text","foreword"],["creative","pref_text","foreword"],["no_content","no_content",""],["factual","list",""],["factual","list",""],["factual","title",""],["no_content","no_content",""],["creative","main_text",""],["creative","main_text",""]]
osu.32435005569124	[["factual","cover",""],["no_content","no_content","stamp"],["factual","title",""],["no_content","no_content",""],["factual","list",""],["no_content","no_content",""],["factual","list",""],["no_content","no_content",""],["factual","list",""],["no_content","no_content",""],["factual","list",""],["no_content","no_content",""],["factual","pref_text","letter of transmittal"],["no_content","no_content",""],["factual","pref_text","acknowledgments"],["no_content","no_content",""],["factual","appendix",""],["no_content","no_content",""],["creative","main_text",""],["no_content","no_content",""]]
osu.32435051551216	[["no_content","no_content","binding"],["no_content","no_content","stamp"],["no_content","no_content",""],["no_content","no_content",""],["factual","title",""],["factual","pub_info","instructions for authors"],["factual","pub_info",""],["no_content","no_content",""],["factual","pub_info",""],["factual","appendix",""],["factual","appendix",""],["factual","appendix",""],["factual","appendix",""],["factual","appendix",""],["factual","appendix","weights and measures"],["no_content","no_content",""],["factual","title",""],["factual","pub_info",""],["factual","title",""],["no_content","no_content",""]]
osu.32435058537010	[["factual","cover",""],["creative","pref_text","summary"],["creative","main_text",""],["factual","main_text","data charts"],["creative","main_text",""],["factual","main_text","data charts"],["no_content","no_content",""],["factual","appendix",""],["factual","title",""],["no_content","no_content",""],["creative","pref_text","summary"],["factual","image","line map"],["creative","main_text",""],["creative","main_text",""],["creative","main_text",""],["factual","image","plat map"],["factual","image","line map"],["factual","main_text","data chart"],["creative","main_text","mostly data chart"],["factual","main_text","data chart"]]
pst.000018559019	[["factual","cover",""],["no_content","no_content","bookplate"],["factual","title",""],["factual","pub_info",""],["creative","pref_text","preface"],["creative","pref_text","preface"],["factual","list",""],["no_content","no_content",""],["creative","main_text",""],["creative","main_text",""],["creative","main_text",""],["creative","main_text",""],["creative","main_text",""],["creative","main_text",""],["creative","main_text",""],["creative","main_text",""],["creative","main_text",""],["creative","main_text",""],["creative","main_text",""],["creative","main_text",""]]
pst.000065368831	[["no_content","no_content","binding"],["no_content","no_content","stamp"],["no_content","no_content",""],["no_content","no_content",""],["factual","title",""],["factual","list","and pub info"],["creative","poem","lyrics accompany text"],["creative","main_text",""],["creative","main_text",""],["creative","main_text",""],["creative","main_text",""],["creative","main_text",""],["creative","main_text",""],["creative","main_text",""],["creative","main_text",""],["creative","main_text","mostly references"],["factual","main_text","references"],["creative","main_text",""],["creative","main_text",""],["creative","main_text",""]]
pst.000068516444	[["no_content","no_content","binding"],["no_content","no_content",""],["no_content","no_content",""],["no_content","no_content",""],["no_content","no_content",""],["no_content","no_content",""],["factual","title",""],["factual","pub_info",""],["factual","list",""],["no_content","no_content",""],["creative","pref_text","foreword"],["no_content","no_content",""],["creative","main_text",""],["creative","main_text",""],["creative","main_text",""],["creative","main_text",""],["creative","main_text",""],["creative","main_text",""],["creative","main_text",""],["creative","main_text",""]]
txu.059173017166567	[["mixed","cover","cover design"],["no_content","no_content","stamp"],["no_content","no_content","faint show through"],["no_content","no_content",""],["creative","image","photo accompanies prefatory text"],["no_content","no_content",""],["factual","appendix",""],["factual","appendix",""],["factual","appendix",""],["factual","appendix",""],["factual","appendix",""],["no_content","no_content",""],["factual","list",""],["factual","list",""],["creative","pref_text",""],["no_content","no_content",""],["creative","pref_text","introduction"],["no_content","no_content",""],["creative","main_text",""],["no_content","no_content",""]]
txu.059173018601570	[["factual","cover",""],["no_content","no_content","stamp"],["no_content","no_content",""],["no_content","no_content",""],["no_content","no_content",""],["factual","pub_info",""],["factual","title",""],["no_content","no_content",""],["creative","pref_text",""],["no_content","no_content",""],["factual","dedication",""],["no_content","no_content",""],["factual","title",""],["no_content","no_content",""],["creative","main_text",""],["creative","main_text",""],["creative","main_text",""],["creative","main_text",""],["creative","image",""],["no_content","no_content",""]]
txu.059173023076334	[["no_content","no_content","library binding"],["no_content","no_content","stamp"],["factual","cover",""],["no_content","no_content",""],["factual","title",""],["factual","pub_info",""],["creative","pref_text",""],["creative","pref_text",""],["creative","image",""],["no_content","no_content",""],["creative","main_text",""],["creative","main_text",""],["creative","main_text",""],["creative","main_text",""],["creative","main_text",""],["no_content","no_content",""],["creative","main_text",""],["creative","main_text",""],["creative","main_text",""],["creative","main_text",""]]
txu.059173023787627	[["no_content","no_content","binding"],["no_content","no_content","stamp"],["no_content","no_content",""],["no_content","no_content",""],["mixed","cover","cover art"],["creative","pref_text","book jacket summary"],["factual","title",""],["factual","ad",""],["factual","title",""],["creative","dedication",""],["creative","pref_text",""],["creative","pref_text",""],["creative","pref_text",""],["creative","pref_text",""],["creative","main_text",""],["creative","main_text",""],["creative","main_text",""],["creative","main_text",""],["creative","main_text",""],["creative","main_text",""]]
txu.059173024548064	[["no_content","no_content","page not available"],["no_content","no_content","stamp"],["no_content","no_content",""],["no_content","no_content",""],["factual","pref_text","bindery instructions"],["factual","pub_info",""],["factual","title",""],["no_content","no_content",""],["creative","pref_text",""],["no_content","no_content",""],["creative","pref_text",""],["no_content","no_content",""],["creative","poem",""],["creative","poem",""],["creative","poem",""],["creative","poem",""],["creative","main_text",""],["creative","main_text",""],["creative","main_text",""],["creative","main_text",""]]
txu.059173025321734	[["no_content","no_content","library binding"],["no_content","no_content","stamp"],["no_content","no_content",""],["no_content","no_content",""],["factual","pref_text","bindery instructions"],["no_content","no_content",""],["factual","title",""],["no_content","no_content",""],["factual","dedication",""],["no_content","no_content",""],["creative","pref_text",""],["no_content","no_content",""],["creative","epigraph",""],["no_content","no_content",""],["factual","title",""],["no_content","no_content",""],["creative","main_text",""],["creative","main_text",""],["creative","main_text",""],["creative","main_text",""]]
txu.059173026676327	[["no_content","no_content",""],["no_content","no_content","stamp"],["no_content","no_content","sticker"],["no_content","no_content",""],["factual","title",""],["no_content","no_content",""],["factual","title",""],["no_content","no_content",""],["creative","main_text",""],["creative","main_text",""],["creative","main_text",""],["creative","main_text",""],["creative","main_text",""],["creative","main_text",""],["creative","main_text",""],["creative","main_text",""],["creative","main_text",""],["creative","main_text",""],["creative","main_text",""],["creative","main_text",""]]
txu.059173026801815	[["no_content","no_content","library binding"],["no_content","no_content","stamp"],["mixed","cover","cover art"],["creative","ad",""],["factual","list",""],["creative","pref_text","editorial"],["creative","ad",""],["creative","ad",""],["creative","image","photos accompany text"],["creative","image","photos accompany text"],["creative","image","photos accompany text"],["creative","image","photos accompany text"],["creative","pref_text",""],["creative","ad",""],["creative","pref_text",""],["creative","image","photos accompany text"],["creative","image","painting accompanies text"],["creative","image","painting accompanies text"],["creative","image","photo accompanies text"],["creative","main_text",""]]
txu.059173026898704	[["no_content","no_content","binding"],["no_content","no_content","stamp"],["no_content","no_content",""],["no_content","no_content",""],["no_content","no_content",""],["no_content","no_content",""],["factual","cover",""],["no_content","no_content",""],["creative","pref_text","author's note"],["creative","main_text",""],["creative","main_text",""],["creative","main_text",""],["creative","main_text",""],["creative","main_text",""],["creative","main_text",""],["creative","main_text",""],["creative","main_text",""],["creative","main_text",""],["creative","main_text",""],["creative","main_text",""]]
uc1.$b203364	[["factual","cover",""],["no_content","no_content","stamp"],["no_content","no_content",""],["no_content","no_content",""],["factual","title",""],["factual","pub_info",""],["factual","title",""],["factual","pub_info",""],["creative","main_text",""],["creative","main_text",""],["creative","main_text",""],["creative","main_text",""],["creative","main_text",""],["creative","main_text",""],["creative","main_text",""],["creative","main_text",""],["creative","main_text",""],["creative","main_text",""],["creative","main_text",""],["creative","main_text",""]]
uc1.$b215121	[["no_content","no_content","barcode"],["no_content","no_content","stamp"],["no_content","no_content",""],["no_content","no_content",""],["no_content","no_content",""],["no_content","no_content",""],["factual","title",""],["factual","pub_info",""],["factual","list",""],["factual","appendix",""],["creative","main_text",""],["creative","main_text",""],["creative","main_text",""],["creative","main_text",""],["creative","main_text",""],["creative","main_text",""],["creative","main_text",""],["creative","main_text",""],["creative","main_text",""],["creative","main_text",""]]
uc1.$b260868	[["no_content","no_content","barcode"],["no_content","no_content","bookplate"],["no_content","no_content",""],["no_content","no_content",""],["mixed","cover","cover art"],["no_content","no_content",""],["factual","title",""],["factual","pub_info",""],["factual","title",""],["no_content","no_content",""],["creative","main_text",""],["creative","main_text",""],["creative","main_text",""],["creative","main_text",""],["creative","main_text",""],["creative","main_text",""],["creative","main_text",""],["creative","main_text",""],["creative","main_text",""],["creative","main_text",""]]
uc1.$b463115	[["no_content","no_content","barcode"],["no_content","no_content",""],["no_content","no_content",""],["no_content","no_content",""],["mixed","cover","cover design"],["creative","ad",""],["factual","pub_info",""],["no_content","no_content",""],["factual","title",""],["no_content","no_content",""],["factual","list",""],["factual","list",""],["creative","main_text",""],["creative","main_text",""],["creative","main_text",""],["creative","main_text",""],["creative","main_text",""],["creative","main_text",""],["creative","main_text",""],["creative","main_text",""]]
uc1.$b513381	[["no_content","no_content","page not available"],["no_content","no_content",""],["no_content","no_content",""],["no_content","no_content",""],["no_content","no_content",""],["no_content","no_content",""],["factual","title",""],["no_content","no_content",""],["factual","title",""],["no_content","no_content",""],["factual","list",""],["factual","ad",""],["creative","main_text",""],["creative","main_text",""],["creative","main_text",""],["creative","main_text",""],["creative","main_text",""],["creative","main_text",""],["creative","main_text",""],["creative","main_text",""]]
uc1.$b650388	[["no_content","no_content","barcode"],["no_content","no_content","bookplate"],["no_content","no_content",""],["no_content","no_content",""],["no_content","no_content",""],["no_content","no_content",""],["factual","title",""],["factual","appendix",""],["factual","appendix",""],["factual","appendix",""],["factual","list","also title, pub info"],["creative","ad",""],["creative","main_text",""],["creative","main_text",""],["creative","main_text",""],["creative","main_text",""],["creative","main_text",""],["creative","main_text",""],["creative","main_text",""],["creative","main_text",""]]
uc1.$b95895	[["factual","cover",""],["no_content","no_content","stamp"],["no_content","no_content",""],["no_content","no_content",""],["factual","title",""],["factual","pub_info",""],["factual","title",""],["no_content","no_content","stamp"],["factual","title",""],["no_content","no_content",""],["factual","dedication",""],["no_content","no_content",""],["creative","pref_text","foreword"],["creative","pref_text","foreword"],["creative","pref_text","introduction"],["creative","pref_text","introduction"],["creative","main_text",""],["creative","main_text",""],["creative","main_text",""],["creative","main_text",""]]
uc1.31175029086306	[["no_content","no_content","binding"],["no_content","no_content","stamp"],["no_content","no_content",""],["no_content","no_content",""],["no_content","no_content",""],["no_content","no_content",""],["factual","title",""],["no_content","no_content",""],["factual","title",""],["no_content","no_content",""],["creative","main_text",""],["creative","main_text",""],["creative","main_text",""],["creative","main_text",""],["creative","main_text",""],["creative","main_text",""],["creative","main_text",""],["creative","main_text",""],["creative","main_text",""],["creative","main_text",""]]
uc1.31822025422197	[["factual","list",""],["factual","pub_info","covered by due date slip"],["creative","main_text",""],["creative","main_text",""],["creative","main_text",""],["factual","main_text","data tables"],["creative","main_text",""],["creative","main_text",""],["creative","main_text",""],["creative","main_text",""],["factual","main_text","data tables"],["factual","main_text","data tables"],["creative","main_text",""],["creative","main_text",""],["factual","main_text","data tables"],["creative","main_text",""],["creative","main_text",""],["creative","main_text",""],["factual","main_text","data tables"],["factual","main_text","data tables"]]
uc1.31822034002154	[["no_content","no_content","barcode"],["no_content","no_content","endpaper"],["no_content","no_content","due date slip"],["no_content","no_content",""],["factual","title",""],["factual","pub_info",""],["factual","list",""],["no_content","no_content",""],["creative","main_text",""],["creative","main_text",""],["creative","main_text",""],["creative","main_text",""],["creative","main_text",""],["creative","main_text",""],["creative","main_text",""],["creative","main_text",""],["creative","main_text",""],["creative","main_text",""],["creative","main_text",""],["factual","main_text","data graphs"]]
uc1.31822036236420	[["mixed","cover","cover design"],["no_content","no_content",""],["no_content","no_content","barcode"],["factual","title",""],["factual","title",""],["factual","pub_info",""],["factual","list",""],["factual","list",""],["factual","list",""],["factual","list",""],["factual","list",""],["factual","list",""],["factual","list",""],["factual","list",""],["factual","list",""],["factual","list",""],["factual","list",""],["factual","list",""],["creative","pref_text","editorial"],["creative","pref_text","editorial"]]
uc1.31970032407709	[["mixed","cover","cover design"],["no_content","no_content",""],["factual","title",""],["no_content","no_content",""],["creative","pref_text","preface"],["no_content","no_content",""],["factual","list",""],["no_content","no_content",""],["creative","pref_text","introduction"],["creative","main_text",""],["creative","main_text",""],["creative","main_text",""],["creative","main_text",""],["creative","main_text",""],["creative","main_text",""],["creative","main_text",""],["creative","main_text",""],["creative","main_text",""],["creative","main_text",""],["no_content","no_content",""]]
uc1.32106006789645	[["no_content","no_content","barcode"],["no_content","no_content",""],["no_content","no_content",""],["no_content","no_content",""],["factual","title",""],["factual","ad",""],["factual","title",""],["factual","pub_info",""],["factual","dedication",""],["no_content","no_content",""],["creative","main_text",""],["creative","main_text",""],["creative","main_text",""],["creative","main_text",""],["creative","main_text",""],["creative","main_text",""],["creative","main_text",""],["creative","main_text",""],["creative","main_text",""],["creative","main_text",""]]
uc1.32106010339312	[["mixed","cover","cover art, public domain"],["no_content","no_content","endpaper"],["no_content","no_content","endpaper"],["no_content","no_content",""],["factual","title",""],["factual","pub_info",""],["factual","title",""],["factual","pub_info",""],["factual","list",""],["factual","list",""],["creative","pref_text","preface"],["factual","ad",""],["factual","ad",""],["creative","pref_text","preface"],["creative","pref_text","preface"],["creative","pref_text","preface"],["creative","pref_text","preface"],["factual","dedication",""],["creative","pref_text","introduction"],["creative","pref_text","introduction"]]
uc1.32106010619358	[["no_content","no_content","barcode"],["no_content","no_content","endpaper"],["no_content","no_content",""],["no_content","no_content",""],["no_content","no_content",""],["no_content","no_content",""],["factual","list",""],["creative","ad",""],["creative","ad",""],["creative","ad",""],["factual","list",""],["creative","pref_text","instructions for authors"],["creative","main_text",""],["creative","ad",""],["creative","main_text",""],["creative","main_text",""],["creative","main_text",""],["creative","main_text",""],["creative","main_text",""],["creative","main_text",""]]
uc1.b2619032	[["factual","cover",""],["factual","pub_info",""],["creative","main_text",""],["creative","main_text",""],["creative","main_text",""],["creative","main_text",""],["creative","main_text",""],["creative","main_text",""],["creative","main_text",""],["creative","main_text",""],["creative","main_text",""],["creative","main_text",""],["no_content","no_content",""],["no_content","no_content",""],["creative","main_text",""],["creative","main_text",""],["creative","main_text",""],["creative","main_text",""],["creative","main_text",""],["creative","main_text",""]]
uc1.b2846134	[["no_content","no_content","barcode"],["no_content","no_content",""],["no_content","no_content",""],["no_content","no_content",""],["factual","title",""],["no_content","no_content",""],["factual","title",""],["factual","pref_text","copyright warning"],["factual","title",""],["no_content","no_content","stamp"],["factual","pref_text","cast of characters"],["no_content","no_content",""],["creative","main_text",""],["creative","main_text",""],["creative","main_text",""],["creative","main_text",""],["creative","main_text",""],["creative","main_text",""],["creative","main_text",""],["creative","main_text",""]]
uc1.b2882064	[["no_content","no_content","page not available"],["factual","ad",""],["factual","title",""],["factual","pref_text","letter of transmittal"],["factual","pref_text","letter of transmittal"],["creative","main_text",""],["creative","main_text",""],["creative","main_text",""],["creative","main_text",""],["creative","main_text",""],["creative","main_text",""],["factual","main_text","data tables"],["factual","main_text","data tables"],["factual","main_text","data tables"],["factual","main_text","data tables"],["factual","main_text","data tables"],["factual","main_text","data tables"],["factual","main_text","data tables"],["factual","main_text","data tables"],["factual","main_text","data tables"]]
uc1.b2920077	[["no_content","no_content","binding"],["no_content","no_content","page not available"],["no_content","no_content",""],["no_content","no_content","bookplate"],["no_content","no_content",""],["no_content","no_content",""],["factual","title",""],["factual","pub_info",""],["factual","appendix",""],["factual","list",""],["factual","list",""],["factual","appendix",""],["factual","appendix",""],["factual","appendix",""],["factual","appendix",""],["creative","main_text",""],["creative","main_text",""],["creative","main_text",""],["creative","main_text",""],["creative","main_text",""]]
uc1.b3141232	[["factual","cover",""],["no_content","no_content","bookplate"],["no_content","no_content",""],["no_content","no_content",""],["factual","title",""],["factual","pub_info",""],["factual","title",""],["no_content","no_content","stamp"],["factual","dedication",""],["no_content","no_content",""],["creative","pref_text","foreword"],["creative","pref_text","foreword"],["creative","pref_text","acknowledgments"],["creative","pref_text","acknowledgments"],["creative","pref_text","acknowledgments"],["creative","pref_text","acknowledgments"],["creative","pref_text","acknowledgments"],["creative","pref_text","acknowledgments"],["creative","pref_text","acknowledgments"],["creative","pref_text","acknowledgments"]]
uc1.b3290161	[["no_content","no_content","binding"],["no_content","no_content","stamp"],["no_content","no_content",""],["no_content","no_content","stamp"],["no_content","no_content",""],["no_content","no_content",""],["no_content","no_content",""],["no_content","no_content",""],["factual","title",""],["factual","pub_info",""],["creative","pref_text","foreword"],["creative","pref_text","foreword"],["factual","list",""],["factual","list",""],["factual","list",""],["factual","list",""],["factual","list",""],["factual","list",""],["factual","list",""],["factual","list",""]]
uc1.b3441714	[["no_content","no_content","barcode"],["no_content","no_content",""],["no_content","no_content",""],["no_content","no_content",""],["mixed","cover","cover image"],["no_content","no_content",""],["mixed","title","title image"],["creative","pref_text",""],["no_content","no_content",""],["no_content","no_content",""],["factual","title",""],["factual","pub_info",""],["creative","poem",""],["no_content","no_content",""],["factual","title",""],["no_content","no_content",""],["creative","poem",""],["creative","poem",""],["creative","poem",""],["creative","poem",""]]
uc1.b3585156	[["no_content","no_content","binding"],["no_content","no_content","checkout card"],["no_content","no_content",""],["no_content","no_content",""],["no_content","no_content",""],["no_content","no_content",""],["no_content","no_content",""],["no_content","no_content",""],["factual","title",""],["factual","pub_info",""],["factual","list",""],["no_content","no_content",""],["factual","appendix",""],["no_content","no_content",""],["factual","appendix",""],["factual","appendix",""],["factual","appendix",""],["factual","appendix",""],["factual","appendix",""],["factual","appendix",""]]
uc1.b3625907	[["no_content","no_content","page not available"],["no_content","no_content",""],["no_content","no_content",""],["no_content","no_content",""],["no_content","no_content",""],["no_content","no_content",""],["factual","cover",""],["factual","pref_text","acknowledgment"],["factual","appendix",""],["factual","appendix",""],["factual","appendix",""],["factual","appendix",""],["factual","appendix",""],["factual","appendix",""],["factual","appendix",""],["factual","appendix",""],["factual","cover",""],["factual","pub_info",""],["factual","list",""],["creative","main_text",""]]
uc1.b4073813	[["no_content","no_content","barcode"],["no_content","no_content","bookplate"],["no_content","no_content","stamp"],["no_content","no_content",""],["factual","title",""],["factual","pub_info",""],["creative","pref_text","acknowledgments"],["no_content","no_content",""],["creative","pref_text","preface"],["creative","pref_text","preface"],["factual","list",""],["factual","list",""],["creative","main_text",""],["creative","main_text",""],["creative","main_text",""],["creative","main_text",""],["creative","main_text",""],["creative","main_text",""],["factual","main_text","references"],["creative","main_text",""]]
uc1.b4224630	[["no_content","no_content","binding"],["no_content","no_content","stamp"],["no_content","no_content","endpaper"],["no_content","no_content",""],["no_content","no_content",""],["no_content","no_content",""],["factual","title",""],["factual","pub_info",""],["factual","list",""],["factual","list",""],["factual","list",""],["factual","appendix",""],["factual","appendix",""],["factual","appendix",""],["factual","title",""],["factual","pub_info","about the publication"],["factual","title",""],["factual","pub_info",""],["creative","main_text",""],["creative","image","image accompanies text"]]
uc1.b4275979	[["no_content","no_content","barcode"],["no_content","no_content","endpaper"],["no_content","no_content","endpaper"],["no_content","no_content",""],["no_content","no_content",""],["no_content","no_content",""],["factual","title",""],["factual","pub_info",""],["factual","list",""],["factual","list",""],["factual","list",""],["factual","list",""],["creative","pref_text","preface"],["factual","appendix",""],["creative","main_text",""],["creative","main_text",""],["creative","main_text",""],["creative","main_text",""],["creative","main_text",""],["creative","main_text",""]]
uc1.b4342361	[["no_content","no_content","barcode, cutter"],["no_content","no_content","stamp"],["no_content","no_content",""],["no_content","no_content","stamp"],["no_content","no_content",""],["no_content","no_content","stamp"],["mixed","cover","cover design"],["no_content","no_content","stamp"],["factual","title",""],["creative","pref_text","editor's note"],["creative","pref_text","foreword"],["creative","pref_text","foreword"],["creative","pref_text","introduction"],["creative","pref_text","introduction"],["creative","pref_text","introduction"],["creative","pref_text","introduction"],["creative","pref_text","introduction"],["creative","pref_text","introduction"],["creative","main_text",""],["creative","main_text",""]]
uc1.c059195501	[["factual","title",""],["no_content","no_content",""],["factual","title",""],["factual","pub_info",""],["creative","pref_text","preface"],["no_content","no_content",""],["factual","main_text","statistics"],["factual","main_text","statistics"],["factual","main_text","statistics"],["factual","main_text","statistics"],["factual","main_text","statistics"],["factual","main_text","statistics"],["factual","main_text","statistics"],["factual","main_text","statistics"],["factual","main_text","statistics"],["factual","main_text","statistics"],["factual","main_text","statistics"],["factual","main_text","statistics"],["factual","main_text","statistics"],["factual","main_text","statistics"]]
uc1.c109428898	[["no_content","no_content","binding"],["no_content","no_content","endpaper"],["no_content","no_content","endpaper"],["no_content","no_content",""],["no_content","no_content",""],["no_content","no_content",""],["factual","title",""],["factual","pub_info",""],["factual","main_text",""],["no_content","no_content",""],["factual","main_text",""],["no_content","no_content",""],["factual","main_text",""],["no_content","no_content",""],["factual","main_text",""],["no_content","no_content",""],["factual","main_text",""],["no_content","no_content",""],["factual","main_text",""],["no_content","no_content",""]]
uc1.c3364497	[["no_content","no_content","binding"],["no_content","no_content",""],["no_content","no_content",""],["no_content","no_content",""],["no_content","no_content",""],["no_content","no_content",""],["factual","pub_info",""],["no_content","no_content",""],["creative","pref_text","abstract"],["no_content","no_content",""],["creative","pref_text","abstract"],["no_content","no_content",""],["factual","pub_info",""],["no_content","no_content",""],["factual","dedication",""],["no_content","no_content",""],["creative","pref_text","acknowledgments"],["no_content","no_content",""],["factual","list",""],["no_content","no_content",""]]
uc1.l0074418609	[["no_content","no_content","binding"],["no_content","no_content","endpaper"],["no_content","no_content","endpaper"],["no_content","no_content",""],["factual","list",""],["creative","pref_text","instructions to authors"],["creative","main_text",""],["creative","main_text",""],["creative","main_text",""],["creative","main_text",""],["creative","main_text",""],["creative","main_text",""],["creative","main_text",""],["creative","main_text",""],["factual","main_text","references"],["no_content","no_content",""],["creative","main_text",""],["creative","main_text",""],["creative","main_text",""],["creative","main_text",""]]
uc1.l0098817240	[["no_content","no_content","binding"],["no_content","no_content","endpaper"],["no_content","no_content","endpaper"],["no_content","no_content",""],["no_content","no_content",""],["no_content","no_content",""],["factual","cover",""],["factual","pub_info",""],["factual","list",""],["factual","list",""],["creative","main_text",""],["creative","main_text",""],["creative","main_text",""],["creative","main_text",""],["creative","main_text",""],["creative","main_text",""],["creative","main_text",""],["creative","main_text",""],["creative","main_text",""],["factual","main_text","references"]]
uc1.l0099055923	[["no_content","no_content","binding"],["no_content","no_content",""],["no_content","no_content",""],["no_content","no_content",""],["no_content","no_content",""],["no_content","no_content",""],["no_content","no_content",""],["no_content","no_content",""],["mixed","cover","cover photo"],["creative","ad",""],["creative","ad",""],["mixed","list","photos accompany list of contents"],["creative","ad",""],["factual","appendix",""],["creative","ad",""],["factual","pub_info",""],["creative","ad",""],["creative","image","photo accompanies text"],["creative","ad",""],["creative","image","photo accompanies text"]]
uiug.30112037865539	[["no_content","no_content","binding"],["no_content","no_content","stamp"],["no_content","no_content","date slip"],["no_content","no_content",""],["no_content","no_content",""],["no_content","no_content",""],["creative","main_text",""],["creative","main_text",""],["creative","main_text",""],["creative","main_text",""],["creative","main_text",""],["creative","main_text",""],["creative","main_text",""],["creative","main_text",""],["creative","main_text",""],["creative","main_text",""],["creative","main_text",""],["creative","main_text",""],["creative","main_text",""],["creative","main_text",""]]
uiug.30112049744227	[["no_content","no_content","binding"],["no_content","no_content","bookplate"],["no_content","no_content",""],["no_content","no_content",""],["no_content","no_content",""],["no_content","no_content",""],["factual","pub_info",""],["factual","ad",""],["factual","ad",""],["creative","ad",""],["creative","ad",""],["creative","ad",""],["creative","ad",""],["creative","ad",""],["creative","ad",""],["creative","ad",""],["creative","ad",""],["creative","ad",""],["creative","ad",""],["creative","ad",""]]
uiug.30112107080100	[["factual","cover",""],["factual","pub_info",""],["factual","appendix",""],["factual","pref_text",""],["creative","main_text",""],["creative","main_text",""],["creative","main_text",""],["creative","main_text",""],["creative","main_text",""],["no_content","no_content",""],["creative","main_text",""],["creative","main_text",""],["creative","main_text",""],["creative","main_text",""],["creative","main_text",""],["creative","main_text",""],["creative","main_text",""],["creative","main_text",""],["creative","main_text",""],["creative","main_text",""]]
uiug.30112117987831	[["factual","cover",""],["factual","pref_text","about this publication"],["factual","title",""],["factual","appendix",""],["factual","list",""],["factual","list",""],["factual","list",""],["factual","list",""],["creative","pref_text","introduction"],["no_content","no_content",""],["creative","main_text",""],["creative","main_text",""],["factual","title",""],["no_content","no_content",""],["creative","main_text",""],["no_content","no_content",""],["creative","image",""],["factual","image","data graphs"],["factual","image","data graphs"],["factual","main_text","statistics"]]
umn.319510004564958	[["mixed","cover","cover illustration"],["no_content","no_content","bookplate"],["factual","title",""],["no_content","no_content",""],["factual","list",""],["factual","appendix",""],["factual","appendix",""],["factual","appendix",""],["creative","main_text",""],["creative","main_text",""],["creative","main_text",""],["creative","main_text",""],["creative","main_text",""],["creative","main_text",""],["creative","main_text",""],["creative","main_text",""],["creative","main_text",""],["creative","image","photo accompanies text"],["creative","image","illustration accompanies text"],["creative","main_text",""]]
umn.31951000643860i	[["no_content","no_content","binding"],["no_content","no_content","bookplate"],["no_content","no_content","stamp"],["no_content","no_content",""],["factual","title",""],["no_content","no_content",""],["factual","list",""],["no_content","no_content",""],["creative","pref_text","abstract"],["no_content","no_content",""],["creative","main_text",""],["creative","main_text",""],["factual","main_text","taxonomy descriptions"],["factual","main_text","taxonomy descriptions"],["factual","main_text","taxonomy descriptions"],["factual","main_text","taxonomy descriptions"],["factual","main_text","taxonomy descriptions"],["factual","main_text","taxonomy descriptions"],["factual","main_text","taxonomy descriptions"],["factual","main_text","taxonomy descriptions"]]
umn.31951002241678t	[["factual","main_text",""],["no_content","no_content","stamp"],["no_content","no_content",""],["no_content","no_content",""],["factual","title",""],["no_content","no_content",""],["factual","list",""],["no_content","no_content",""],["creative","main_text",""],["creative","main_text",""],["creative","main_text",""],["creative","main_text",""],["creative","main_text",""],["creative","main_text",""],["creative","main_text",""],["creative","main_text",""],["creative","main_text",""],["creative","main_text",""],["creative","main_text",""],["creative","main_text",""]]
umn.31951d005047779	[["no_content","no_content",""],["no_content","no_content",""],["factual","title",""],["no_content","no_content",""],["factual","list",""],["no_content","no_content",""],["factual","appendix",""],["no_content","no_content",""],["creative","pref_text","foreword"],["creative","image",""],["creative","main_text",""],["no_content","no_content",""],["creative","main_text",""],["creative","main_text",""],["creative","main_text",""],["creative","main_text",""],["creative","main_text",""],["creative","main_text",""],["creative","main_text",""],["creative","main_text",""]]
umn.31951d005151263	[["mixed","cover","cover design"],["no_content","no_content","stamp"],["no_content","no_content",""],["no_content","no_content",""],["factual","title",""],["no_content","no_content",""],["factual","title",""],["factual","pub_info",""],["factual","dedication",""],["no_content","no_content",""],["factual","list",""],["factual","list",""],["creative","pref_text","preface"],["creative","pref_text","preface"],["creative","pref_text","acknowledgments"],["no_content","no_content",""],["creative","main_text",""],["creative","main_text",""],["creative","main_text",""],["creative","main_text",""]]
umn.31951d009032865	[["creative","image",""],["no_content","no_content","stamp"],["factual","title",""],["no_content","no_content",""],["creative","main_text",""],["no_content","no_content",""],["creative","main_text",""],["no_content","no_content",""],["factual","list",""],["no_content","no_content",""],["creative","main_text",""],["no_content","no_content",""],["creative","main_text",""],["no_content","no_content",""],["creative","main_text",""],["no_content","no_content",""],["creative","main_text",""],["no_content","no_content",""],["creative","main_text",""],["no_content","no_content",""]]
umn.31951d01945217i	[["no_content","no_content","binding"],["no_content","no_content","stamp"],["no_content","no_content",""],["no_content","no_content",""],["no_content","no_content",""],["no_content","no_content",""],["mixed","main_text","title, main text in one page"],["creative","main_text",""],["creative","image","image accompanies text"],["creative","image","image accompanies text"],["creative","main_text",""],["creative","main_text",""],["creative","main_text",""],["mixed","main_text","list of contents incorporated into main text"],["creative","main_text",""],["creative","main_text",""],["creative","main_text",""],["creative","main_text",""],["creative","main_text",""],["creative","main_text",""]]
umn.31951p00589914c	[["no_content","no_content","binding"],["no_content","no_content","stamp"],["no_content","no_content",""],["no_content","no_content",""],["no_content","no_content",""],["no_content","no_content",""],["factual","title",""],["no_content","no_content",""],["factual","pub_info",""],["no_content","no_content",""],["factual","pub_info",""],["no_content","no_content",""],["factual","list",""],["no_content","no_content",""],["factual","list",""],["no_content","no_content",""],["factual","list",""],["no_content","no_content",""],["factual","list",""],["no_content","no_content",""]]
umn.31951p01038978c	[["no_content","no_content","binding"],["no_content","no_content","stamp"],["no_content","no_content",""],["no_content","no_content",""],["no_content","no_content",""],["no_content","no_content",""],["factual","pub_info",""],["no_content","no_content",""],["factual","title",""],["no_content","no_content",""],["factual","pub_info",""],["no_content","no_content",""],["factual","pub_info",""],["no_content","no_content",""],["creative","pref_text","acknowledgments"],["no_content","no_content",""],["creative","pref_text","acknowledgments"],["no_content","no_content",""],["creative","poem",""],["no_content","no_content",""]]
uva.x000082628	[["no_content","no_content","barcode"],["no_content","no_content","stamp"],["no_content","no_content",""],["no_content","no_content",""],["creative","image","logo"],["no_content","no_content",""],["factual","title",""],["factual","pub_info",""],["factual","title",""],["no_content","no_content",""],["factual","pref_text","list of characters"],["creative","main_text",""],["creative","main_text",""],["creative","main_text",""],["creative","main_text",""],["creative","main_text",""],["creative","main_text",""],["creative","main_text",""],["creative","main_text",""],["creative","main_text",""]]
uva.x000644919	[["no_content","no_content","cutter, barcode"],["no_content","no_content","stamp"],["mixed","cover","cover art"],["no_content","no_content",""],["no_content","no_content",""],["no_content","no_content",""],["factual","pub_info",""],["factual","pub_info",""],["factual","appendix",""],["creative","pref_text","acknowledgments"],["creative","pref_text","foreword"],["factual","title",""],["creative","main_text",""],["creative","main_text",""],["creative","main_text",""],["creative","main_text",""],["creative","main_text",""],["creative","main_text",""],["creative","pref_text",""],["creative","main_text",""]]
uva.x000841170	[["no_content","no_content","page not available"],["no_content","no_content","page not available"],["no_content","no_content","page not available"],["no_content","no_content",""],["no_content","no_content",""],["no_content","no_content",""],["no_content","no_content",""],["no_content","no_content",""],["factual","cover",""],["no_content","no_content",""],["factual","title",""],["factual","pub_info",""],["creative","pref_text","foreword"],["creative","pref_text","foreword"],["creative","epigraph",""],["factual","list",""],["factual","list",""],["factual","list",""],["factual","list",""],["factual","list",""]]
uva.x030581743	[["factual","list","cover, title, pub info"],["factual","pub_info",""],["creative","main_text",""],["creative","main_text",""],["creative","main_text",""],["creative","main_text",""],["creative","main_text",""],["creative","main_text",""],["creative","main_text",""],["creative","main_text",""],["creative","main_text",""],["creative","main_text",""],["creative","main_text",""],["creative","main_text",""],["creative","main_text",""],["creative","main_text",""],["creative","main_text",""],["creative","main_text",""],["creative","main_text",""],["creative","main_text",""]]
uva.x030748896	[["no_content","no_content",""],["no_content","no_content","stamp"],["no_content","no_content",""],["no_content","no_content",""],["no_content","no_content",""],["no_content","no_content",""],["mixed","cover","cover illustration"],["no_content","no_content",""],["no_content","no_content",""],["no_content","no_content",""],["creative","title","title illustration"],["factual","pub_info",""],["no_content","no_content",""],["creative","poem",""],["creative","main_text",""],["creative","main_text",""],["creative","image",""],["creative","main_text",""],["creative","main_text",""],["creative","main_text",""]]
wu.89010329530	[["no_content","no_content","cutter"],["no_content","no_content","stamp"],["factual","title",""],["no_content","no_content","stamp"],["factual","title",""],["no_content","no_content","stamp"],["factual","title",""],["factual","ad",""],["factual","title",""],["creative","pref_text","about this edition"],["creative","main_text",""],["creative","main_text",""],["creative","main_text",""],["creative","main_text",""],["creative","main_text",""],["creative","main_text",""],["creative","main_text",""],["creative","main_text",""],["creative","main_text",""],["creative","main_text",""]]
wu.89011371911	[["no_content","no_content","barcode"],["no_content","no_content",""],["no_content","no_content","due date"],["no_content","no_content",""],["no_content","no_content",""],["no_content","no_content",""],["no_content","no_content",""],["factual","pub_info",""],["no_content","no_content",""],["factual","main_text","references. page order is backwards"],["no_content","no_content",""],["factual","main_text","references. page order is backwards"],["no_content","no_content",""],["factual","main_text","references. page order is backwards"],["no_content","no_content",""],["factual","main_text","references. page order is backwards"],["no_content","no_content",""],["factual","main_text","references. page order is backwards"],["no_content","no_content",""],["factual","main_text","references. page order is backwards"]]
wu.89031431257	[["factual","cover",""],["creative","pref_text",""],["factual","title",""],["factual","pub_info",""],["factual","list",""],["no_content","no_content",""],["creative","main_text",""],["creative","main_text",""],["creative","main_text",""],["creative","main_text","mostly data charts"],["creative","main_text",""],["factual","main_text","data chart"],["creative","main_text",""],["factual","main_text","data chart"],["creative","main_text",""],["creative","main_text",""],["creative","main_text",""],["creative","main_text",""],["creative","main_text",""],["creative","main_text",""]]
wu.89065829251	[["mixed","cover","cover image"],["no_content","no_content","stamp"],["factual","title",""],["factual","pub_info",""],["creative","main_text",""],["creative","main_text",""],["creative","main_text",""],["creative","main_text",""],["creative","main_text",""],["creative","main_text",""],["creative","main_text",""],["creative","main_text",""],["creative","main_text",""],["creative","main_text",""],["creative","main_text",""],["creative","main_text",""],["creative","main_text",""],["creative","main_text",""],["creative","main_text",""],["creative","main_text",""]]
wu.89087655072	[["mixed","cover","cover photo"],["creative","image","photo accompanies author bio"],["no_content","no_content",""],["no_content","no_content",""],["factual","title",""],["factual","pub_info",""],["factual","title",""],["no_content","no_content",""],["creative","image",""],["creative","image",""],["creative","image",""],["creative","image",""],["creative","main_text","dedication too"],["creative","main_text",""],["creative","main_text",""],["creative","main_text",""],["creative","main_text",""],["creative","main_text",""],["creative","main_text",""],["creative","main_text",""]]
wu.89091310656	[["no_content","no_content","binding"],["no_content","no_content","stamp"],["no_content","no_content",""],["no_content","no_content",""],["no_content","no_content",""],["no_content","no_content",""],["factual","pub_info",""],["no_content","no_content",""],["factual","pub_info",""],["no_content","no_content",""],["factual","title",""],["no_content","no_content","stamp"],["creative","dedication",""],["no_content","no_content",""],["creative","pref_text","acknowledgments"],["no_content","no_content",""],["creative","pref_text","acknowledgments"],["no_content","no_content",""],["creative","pref_text","acknowledgments"],["no_content","no_content",""]]
wu.89099391773	[["no_content","no_content","page not available"],["no_content","no_content","stamp"],["no_content","no_content",""],["no_content","no_content",""],["factual","title",""],["factual","pub_info",""],["factual","title",""],["factual","pub_info",""],["creative","main_text",""],["creative","main_text",""],["creative","main_text",""],["creative","main_text",""],["creative","main_text",""],["creative","main_text",""],["creative","main_text",""],["creative","main_text",""],["creative","main_text",""],["creative","main_text",""],["creative","main_text",""],["creative","main_text",""]]
coo.31924013749035	[["factual","cover",""],["no_content","no_content","stamp"],["no_content","no_content","barcode, due date"],["no_content","no_content",""],["factual","title",""],["no_content","no_content",""],["creative","pref_text","author bio"],["no_content","no_content",""],["creative","pref_text","acknowledgments"],["no_content","no_content",""],["factual","list",""],["no_content","no_content",""],["creative","main_text",""],["no_content","no_content",""],["creative","main_text",""],["no_content","no_content",""],["factual","main_text","graph"],["no_content","no_content",""],["creative","main_text",""],["no_content","no_content",""]]
coo.31924054774900	[["no_content","no_content","page not available"],["no_content","no_content",""],["factual","title",""],["no_content","no_content",""],["factual","title",""],["factual","pub_info",""],["factual","title",""],["no_content","no_content",""],["creative","main_text",""],["creative","main_text",""],["factual","main_text","data charts"],["factual","main_text","data charts"],["factual","main_text","data charts"],["creative","main_text",""],["creative","main_text",""],["no_content","no_content",""],["factual","title",""],["no_content","no_content",""],["creative","main_text",""],["creative","main_text",""]]
ien.35556029819570	[["mixed","cover","cover art"],["factual","pref_text","about this publication"],["factual","title",""],["creative","pref_text","acknowledgments"],["factual","list",""],["factual","list",""],["factual","list",""],["no_content","no_content",""],["creative","main_text",""],["creative","main_text",""],["creative","main_text",""],["creative","main_text",""],["creative","main_text",""],["creative","main_text",""],["creative","main_text",""],["factual","main_text","data"],["factual","main_text","data"],["factual","main_text","data"],["factual","main_text","data"],["factual","main_text","data"]]
inu.30000028516544	[["no_content","no_content","binding"],["no_content","no_content","barcode, stamp"],["no_content","no_content",""],["no_content","no_content",""],["factual","pub_info",""],["no_content","no_content",""],["creative","main_text",""],["creative","main_text",""],["creative","main_text","page numbering is backwards"],["creative","main_text",""],["creative","main_text",""],["factual","main_text","data table"],["creative","main_text",""],["creative","main_text",""],["creative","main_text",""],["creative","pref_text",""],["factual","pub_info",""],["no_content","no_content",""],["creative","main_text",""],["creative","main_text",""]]
inu.30000095243873	[["mixed","cover","cover photo"],["no_content","no_content",""],["no_content","no_content",""],["no_content","no_content",""],["factual","title",""],["factual","pub_info",""],["creative","pref_text",""],["creative","pref_text",""],["creative","pref_text","translator's note"],["no_content","no_content",""],["creative","poem",""],["creative","poem",""],["creative","poem",""],["creative","poem",""],["creative","poem",""],["creative","poem",""],["creative","poem",""],["creative","poem",""],["creative","poem",""],["creative","poem",""]]
inu.30000114586187	[["no_content","no_content","library binding"],["no_content","no_content",""],["factual","cover",""],["no_content","no_content","stamp"],["factual","dedication",""],["no_content","no_content",""],["factual","list",""],["no_content","no_content",""],["creative","main_text",""],["creative","main_text",""],["creative","main_text",""],["creative","main_text",""],["creative","main_text",""],["creative","main_text",""],["creative","main_text",""],["creative","main_text",""],["creative","main_text",""],["creative","main_text",""],["creative","main_text",""],["creative","main_text",""]]
inu.39000005512087	[["mixed","cover","cover art"],["no_content","no_content",""],["no_content","no_content",""],["no_content","no_content",""],["factual","title",""],["no_content","no_content",""],["factual","title",""],["factual","pub_info",""],["factual","list",""],["creative","pref_text","acknowledgments"],["creative","pref_text","preface"],["creative","pref_text","preface"],["creative","pref_text","preface"],["creative","pref_text","preface"],["creative","pref_text","preface"],["creative","pref_text","preface"],["creative","pref_text","preface"],["creative","pref_text","preface"],["creative","pref_text","preface"],["creative","pref_text","preface"]]
mdp.39015000502024	[["no_content","no_content","binding"],["no_content","no_content","stamp"],["no_content","no_content",""],["no_content","no_content",""],["factual","title",""],["no_content","no_content",""],["factual","title",""],["factual","pub_info",""],["creative","pref_text","preface"],["creative","pref_text","preface"],["creative","pref_text","preface"],["no_content","no_content",""],["factual","list",""],["factual","list",""],["factual","list",""],["factual","list",""],["factual","list",""],["no_content","no_content",""],["creative","main_text",""],["creative","main_text",""]]
mdp.39015055485646	[["factual","cover",""],["no_content","no_content",""],["factual","title",""],["factual","pub_info",""],["creative","pref_text","introduction"],["creative","pref_text","introduction"],["creative","pref_text","introduction"],["creative","pref_text","introduction"],["creative","main_text",""],["creative","main_text",""],["creative","main_text",""],["creative","main_text",""],["creative","main_text",""],["creative","main_text",""],["creative","main_text",""],["creative","main_text",""],["creative","main_text",""],["creative","main_text",""],["creative","main_text",""],["creative","main_text",""]]
mdp.39015056056487	[["no_content","no_content",""],["no_content","no_content","stamp"],["no_content","no_content",""],["no_content","no_content",""],["no_content","no_content",""],["no_content","no_content",""],["factual","title",""],["no_content","no_content","cutter"],["factual","appendix",""],["factual","appendix",""],["factual","appendix",""],["factual","appendix",""],["factual","appendix",""],["no_content","no_content",""],["factual","title",""],["factual","ad",""],["factual","list",""],["creative","ad",""],["creative","pref_text","editorial"],["creative","pref_text","editorial"]]
mdp.39015067096456	[["no_content","no_content","binding"],["no_content","no_content","stamp"],["no_content","no_content",""],["no_content","no_content",""],["no_content","no_content",""],["no_content","no_content",""],["factual","title",""],["no_content","no_content",""],["creative","pref_text",""],["no_content","no_content",""],["creative","pref_text","introduction"],["creative","main_text",""],["creative","main_text",""],["creative","main_text",""],["creative","main_text",""],["creative","main_text",""],["creative","main_text",""],["creative","main_text",""],["creative","main_text",""],["creative","main_text",""]]
mdp.39015071417169	[["factual","cover",""],["no_content","no_content",""],["no_content","no_content",""],["creative","image",""],["creative","image",""],["creative","image",""],["creative","image",""],["creative","image",""],["creative","image",""],["creative","image",""],["creative","image",""],["creative","image",""],["creative","image",""],["creative","main_text",""],["creative","image",""],["creative","image",""],["factual","pref_text","pledge of allegiance"],["creative","main_text","public domain"],["creative","main_text",""],["creative","main_text",""]]
mdp.39015079244797	[["mixed","cover","cover art"],["no_content","no_content","stamp"],["factual","title",""],["no_content","no_content",""],["factual","title",""],["factual","pub_info",""],["factual","dedication",""],["no_content","no_content",""],["creative","pref_text","acknowledgments"],["no_content","no_content",""],["factual","list",""],["factual","list",""],["creative","pref_text","preface"],["no_content","no_content",""],["creative","pref_text","introduction"],["creative","pref_text","introduction"],["creative","pref_text","introduction"],["creative","pref_text","introduction"],["creative","pref_text","introduction"],["creative","pref_text","introduction"]]
miun.acw8491.0009.001	[["factual","title",""],["no_content","no_content",""],["no_content","no_content",""],["no_content","no_content",""],["factual","title",""],["factual","pub_info",""],["creative","pref_text","premise"],["creative","pref_text","premise"],["creative","main_text",""],["creative","main_text",""],["creative","main_text",""],["creative","main_text",""],["creative","main_text",""],["creative","main_text",""],["creative","main_text",""],["creative","main_text",""],["creative","main_text",""],["creative","main_text",""],["creative","main_text",""],["creative","main_text",""]]
osu.32435003329760	[["factual","cover",""],["no_content","no_content",""],["factual","cover",""],["no_content","no_content","stamp"],["no_content","no_content",""],["no_content","no_content",""],["no_content","no_content",""],["no_content","no_content",""],["creative","image","title page illustration"],["factual","pub_info",""],["creative","dedication",""],["no_content","no_content",""],["factual","list",""],["no_content","no_content",""],["factual","title",""],["no_content","no_content",""],["creative","poem",""],["creative","poem",""],["creative","poem",""],["creative","poem",""]]
pst.000003434253	[["factual","cover",""],["no_content","no_content","stamp"],["factual","title",""],["no_content","no_content",""],["creative","pref_text","foreword"],["no_content","no_content",""],["factual","list",""],["no_content","no_content",""],["creative","main_text",""],["creative","main_text",""],["creative","main_text",""],["creative","main_text",""],["creative","main_text",""],["creative","main_text",""],["creative","main_text",""],["creative","main_text",""],["creative","main_text",""],["creative","main_text",""],["creative","main_text",""],["creative","main_text",""]]
pst.000017038669	[["no_content","no_content","cutter"],["no_content","no_content","stamp"],["no_content","no_content","stamp"],["no_content","no_content",""],["factual","title",""],["factual","pub_info",""],["mixed","title","title contains narrative acknowledgments"],["no_content","no_content",""],["creative","pref_text","abstract"],["no_content","no_content",""],["creative","main_text",""],["creative","main_text",""],["creative","main_text",""],["creative","main_text",""],["creative","main_text",""],["creative","main_text",""],["creative","main_text",""],["creative","main_text",""],["creative","main_text",""],["creative","main_text",""]]
txu.059173004916449	[["no_content","no_content","binding"],["no_content","no_content",""],["creative","image",""],["mixed","list","list of contents over a photo"],["factual","pub_info",""],["factual","pub_info",""],["factual","ad",""],["factual","appendix",""],["factual","appendix",""],["factual","appendix",""],["factual","appendix",""],["creative","image",""],["creative","image",""],["creative","image",""],["creative","image",""],["creative","image",""],["creative","image",""],["creative","image",""],["creative","image",""],["creative","image",""]]
uc1.$b113745	[["factual","cover",""],["no_content","no_content","stamp"],["no_content","no_content",""],["no_content","no_content",""],["factual","title",""],["no_content","no_content",""],["creative","pref_text","introduction"],["creative","pref_text","introduction"],["creative","pref_text","introduction"],["creative","pref_text","introduction"],["creative","pref_text","introduction"],["creative","pref_text","introduction"],["creative","pref_text","introduction"],["creative","pref_text","introduction"],["creative","pref_text","introduction"],["creative","pref_text","introduction"],["creative","pref_text","introduction"],["creative","main_text",""],["creative","main_text",""],["creative","main_text",""]]
uc1.$b392877	[["no_content","no_content","barcode"],["no_content","no_content",""],["factual","cover",""],["factual","ad",""],["no_content","no_content",""],["no_content","no_content",""],["no_content","no_content",""],["no_content","no_content",""],["factual","title",""],["no_content","no_content",""],["factual","title",""],["creative","epigraph",""],["factual","dedication",""],["no_content","no_content",""],["creative","main_text",""],["creative","main_text",""],["creative","main_text",""],["creative","main_text",""],["creative","main_text",""],["creative","main_text",""]]
uc1.$b796241	[["no_content","no_content","barcode"],["no_content","no_content",""],["no_content","no_content",""],["no_content","no_content","stamp"],["factual","title",""],["factual","ad",""],["factual","ad",""],["factual","list",""],["factual","ad",""],["factual","ad",""],["factual","ad",""],["factual","ad",""],["factual","ad",""],["factual","ad",""],["factual","ad",""],["factual","ad",""],["creative","main_text",""],["creative","main_text",""],["creative","main_text",""],["creative","main_text",""]]
uc1.31822026240317	[["factual","cover",""],["no_content","no_content",""],["no_content","no_content","barcode, due date"],["no_content","no_content",""],["factual","title",""],["factual","ad",""],["creative","title",""],["factual","pub_info",""],["factual","list",""],["factual","list",""],["creative","pref_text","preface"],["no_content","no_content",""],["creative","main_text",""],["creative","main_text",""],["creative","main_text",""],["creative","main_text",""],["creative","main_text",""],["creative","main_text",""],["creative","main_text",""],["creative","main_text",""]]
uc1.31970021900706	[["mixed","cover","cover design"],["no_content","no_content","scan bed"],["mixed","cover","cover design"],["factual","pub_info",""],["mixed","title","title page design"],["factual","pub_info",""],["factual","list",""],["no_content","no_content",""],["creative","pref_text","introduction"],["no_content","no_content",""],["factual","title",""],["no_content","no_content",""],["factual","main_text","data"],["factual","main_text","data"],["factual","main_text","data"],["factual","main_text","data"],["factual","main_text","data"],["factual","main_text","data"],["factual","main_text","data"],["factual","main_text","data"]]
uc1.32106017884427	[["mixed","cover","cover photo"],["no_content","no_content",""],["factual","title",""],["factual","ad",""],["factual","title",""],["factual","pub_info",""],["factual","dedication",""],["no_content","no_content",""],["factual","list",""],["no_content","no_content",""],["creative","pref_text","foreword"],["creative","pref_text","foreword"],["creative","pref_text","foreword"],["creative","pref_text","foreword"],["creative","pref_text","foreword"],["creative","pref_text","foreword"],["creative","pref_text","foreword"],["creative","pref_text","foreword"],["creative","pref_text","acknowledgments"],["creative","pref_text","acknowledgments"]]
uc1.b3519285	[["no_content","no_content","page not available"],["no_content","no_content","stamp"],["no_content","no_content",""],["no_content","no_content",""],["factual","title",""],["factual","title",""],["factual","title",""],["factual","pub_info",""],["creative","image",""],["no_content","no_content",""],["creative","main_text",""],["creative","main_text",""],["creative","main_text",""],["creative","main_text",""],["creative","main_text",""],["creative","main_text",""],["creative","main_text",""],["creative","main_text",""],["creative","main_text",""],["creative","main_text",""]]
uc1.b3597514	[["no_content","no_content","binding"],["no_content","no_content","checkout envelope"],["no_content","no_content",""],["no_content","no_content",""],["no_content","no_content",""],["no_content","no_content",""],["factual","pub_info",""],["no_content","no_content",""],["factual","title",""],["factual","pub_info",""],["factual","list",""],["no_content","no_content",""],["factual","appendix",""],["factual","appendix",""],["factual","appendix",""],["factual","appendix",""],["factual","appendix",""],["no_content","no_content",""],["factual","appendix",""],["factual","appendix",""]]
uc1.b3777727	[["no_content","no_content","page not available"],["no_content","no_content","bookplate"],["no_content","no_content",""],["no_content","no_content",""],["no_content","no_content",""],["no_content","no_content",""],["factual","title",""],["factual","pub_info",""],["factual","list",""],["factual","list",""],["creative","main_text",""],["creative","main_text",""],["creative","main_text",""],["creative","main_text",""],["creative","main_text",""],["creative","main_text",""],["creative","main_text",""],["creative","main_text",""],["creative","main_text",""],["creative","main_text",""]]
uc1.z006377366	[["no_content","no_content","binding"],["no_content","no_content","endpaper"],["no_content","no_content","stamp"],["no_content","no_content",""],["no_content","no_content",""],["creative","main_text",""],["creative","main_text",""],["creative","main_text",""],["creative","main_text",""],["creative","main_text",""],["creative","main_text",""],["creative","main_text",""],["creative","main_text",""],["no_content","no_content",""],["creative","main_text",""],["no_content","no_content",""],["creative","main_text",""],["creative","main_text",""],["creative","main_text",""],["creative","main_text",""]]
uiug.30112019253621	[["mixed","cover","cover illustration"],["no_content","no_content",""],["creative","pref_text","preface"],["creative","pref_text","foreword"],["creative","pref_text","foreword"],["factual","list",""],["creative","pref_text","how to use this publication"],["creative","pref_text","how to use this publication"],["factual","list",""],["no_content","no_content",""],["creative","main_text",""],["creative","main_text",""],["creative","main_text",""],["creative","main_text",""],["creative","main_text",""],["creative","main_text",""],["creative","main_text",""],["creative","main_text",""],["creative","main_text",""],["creative","main_text",""]]
uiug.30112089389461	[["mixed","title","title contains some narrative text"],["creative","image",""],["factual","pub_info",""],["no_content","no_content",""],["factual","image","line map"],["creative","image","illustrations accompany bibliography"],["factual","image","line map"],["factual","image","line map"],["factual","main_text","bibliography"],["factual","main_text","bibliography"],["creative","image",""],["no_content","no_content",""],["creative","main_text",""],["creative","main_text",""],["factual","main_text","bibliography"],["factual","image","line map"],["factual","main_text","bibliography"],["creative","image",""],["creative","image","image accompanies bibliography"],["factual","image","alphabetical characters"]]
uiug.30112118501086	[["no_content","no_content","cutter"],["no_content","no_content",""],["no_content","no_content","due date"],["no_content","no_content",""],["factual","title",""],["no_content","no_content",""],["factual","pub_info",""],["no_content","no_content",""],["creative","main_text",""],["creative","main_text",""],["creative","main_text",""],["creative","main_text",""],["creative","main_text",""],["factual","main_text","data"],["creative","main_text",""],["creative","main_text",""],["factual","main_text","chart"],["creative","main_text",""],["creative","main_text",""],["creative","main_text",""]]
umn.319510014654496	[["factual","cover",""],["no_content","no_content","bookplate"],["factual","title",""],["factual","pub_info",""],["factual","list",""],["creative","pref_text","introduction"],["creative","pref_text","introduction"],["creative","main_text",""],["creative","main_text",""],["creative","image",""],["creative","main_text",""],["creative","image","map"],["creative","image","map"],["creative","image","map"],["creative","image","map"],["creative","image","map"],["creative","main_text",""],["creative","main_text",""],["creative","main_text",""],["creative","image","map"]]
umn.31951d00569039k	[["no_content","no_content","binding"],["no_content","no_content","page not available"],["no_content","no_content","page not available"],["factual","title",""],["factual","title",""],["no_content","no_content",""],["creative","pref_text","abstract"],["no_content","no_content",""],["factual","dedication",""],["no_content","no_content",""],["creative","pref_text","acknowledgments"],["no_content","no_content",""],["factual","list",""],["no_content","no_content",""],["factual","list",""],["no_content","no_content",""],["factual","list",""],["no_content","no_content",""],["factual","list",""],["no_content","no_content",""]]
uva.x000412928	[["no_content","no_content","barcode"],["no_content","no_content",""],["no_content","no_content",""],["no_content","no_content",""],["no_content","no_content",""],["no_content","no_content",""],["factual","title",""],["no_content","no_content",""],["factual","title",""],["no_content","no_content",""],["creative","pref_text","introduction"],["creative","main_text",""],["creative","main_text",""],["creative","main_text",""],["creative","main_text",""],["creative","main_text",""],["creative","main_text",""],["creative","main_text",""],["creative","main_text",""],["creative","main_text",""]]
uva.x000591598	[["no_content","no_content","barcode"],["no_content","no_content",""],["no_content","no_content",""],["no_content","no_content","page not available"],["no_content","no_content","barcode"],["no_content","no_content",""],["no_content","no_content",""],["no_content","no_content",""],["no_content","no_content",""],["no_content","no_content","part of library work slip"],["no_content","no_content",""],["no_content","no_content",""],["mixed","cover","cover photo"],["no_content","no_content",""],["factual","title",""],["no_content","no_content",""],["factual","title",""],["factual","pub_info",""],["factual","pref_text","disclaimer"],["creative","main_text",""]]
uva.x001273725	[["no_content","no_content","barcode"],["no_content","no_content","stamp"],["no_content","no_content",""],["no_content","no_content",""],["no_content","no_content",""],["no_content","no_content",""],["mixed","cover","cover art"],["factual","pub_info",""],["factual","list",""],["factual","list",""],["creative","pref_text",""],["creative","pref_text",""],["creative","pref_text",""],["no_content","no_content",""],["creative","main_text",""],["creative","main_text",""],["creative","main_text",""],["creative","main_text",""],["creative","main_text",""],["creative","main_text",""]]
wu.89009304908	[["no_content","no_content","cutter"],["no_content","no_content","stamp"],["mixed","cover","cover design"],["no_content","no_content",""],["factual","title",""],["no_content","no_content",""],["factual","title",""],["factual","pub_info",""],["factual","list",""],["factual","list",""],["factual","title",""],["no_content","no_content",""],["creative","poem",""],["creative","poem",""],["creative","poem",""],["creative","poem",""],["creative","poem",""],["creative","poem",""],["creative","poem",""],["creative","poem",""]]
wu.89011485885	[["no_content","no_content","binding"],["no_content","no_content","stamp"],["no_content","no_content",""],["no_content","no_content",""],["creative","image","logo"],["no_content","no_content",""],["factual","title",""],["factual","pub_info",""],["factual","list",""],["factual","list",""],["creative","epigraph",""],["no_content","no_content",""],["creative","main_text",""],["creative","main_text",""],["creative","main_text",""],["creative","main_text",""],["creative","image",""],["no_content","no_content",""],["creative","epigraph",""],["creative","image",""]]
